Table of Peaks
No.	(ppm)	Height
1	0.88	0.1123
2	0.90	0.2391
3	0.91	0.0927
4	1.29	1.0000
5	1.31	0.1876
6	1.32	0.1057
7	1.33	0.0632
8	1.39	0.0205
9	1.40	0.0463
10	1.41	0.0535
11	1.42	0.0323
12	1.43	0.0093
13	2.06	0.0289
14	2.07	0.0724
15	2.08	0.0697
16	2.10	0.0259
17	2.73	0.0259
18	2.74	0.0376
19	2.74	0.0418
20	2.74	0.0389
21	2.75	0.0429
22	2.75	0.0359
23	2.75	0.0309
24	2.76	0.0247
25	3.47	0.0464
26	3.48	0.0466
27	3.49	0.0578
28	3.50	0.0499
29	3.65	0.0594
30	3.66	0.0558
31	3.67	0.0534
32	3.68	0.0437
33	3.95	0.0326
34	3.96	0.0539
35	3.97	0.0324
36	5.47	0.0197
37	5.47	0.0274
38	5.47	0.0139
39	5.48	0.0197
40	5.48	0.0272
41	5.49	0.0139
42	5.49	0.0243
43	5.50	0.0354
44	5.50	0.0181
45	5.51	0.0235
46	5.51	0.0335
47	5.51	0.0161
48	5.71	0.0185
49	5.71	0.0166
50	5.72	0.0372
51	5.72	0.0327
52	5.73	0.0223
53	5.73	0.0238
54	5.74	0.0305
55	5.74	0.0264
56	5.75	0.0136
57	5.75	0.0112

Table of Multiplets
No.	Shift1 (ppm)	Hs	Type	J (Hz)		Atom1					Multiplet1	 (ppm)
1	0.90		3	t	7.04		19					M10		0.88 .. 0.92
2	1.29		20	m	-		17 14 13 12 11 10 9 8 15 18	M09		1.26 .. 1.35
3	1.39		2	m	-		16					M08		1.37 .. 1.45
4	2.07		2	q	-		7					M07		2.05 .. 2.11
5	2.73		1	m	-		3					M06		2.72 .. 2.77
6	3.48		1	dd	-		20					M05		3.45 .. 3.52
7	3.67		1	dd	10.84 4.46	20					M04		3.64 .. 3.69
8	3.96		1	t	-		2					M03		3.93 .. 3.99
9	5.47		1	m	-		5					M02		5.45 .. 5.53
10	5.75		1	m	-		6					M01		5.69 .. 5.77
	
Table of Assignments
No.	Atom	Exp. Shift (ppm)	Multiplet
1	19	0.90			M10
2	17	1.29			M09
3	14	1.29			M09
4	13	1.29			M09
5	12	1.29			M09
6	11	1.29			M09
7	10	1.29			M09
8	9	1.29			M09
9	8	1.29			M09
10	15	1.29			M09
11	18	1.29			M09
12	16	1.39			M08
13	7	2.07			M07
14	3	2.73			M06
15	20	3.48			M05
16	20	3.67			M04
17	2	3.96			M03
18	5	5.47			M02
19	6	5.75			M01

