Table of Peaks
No.	(ppm)	Height
1	3.01	0.1093
2	3.03	0.1134
3	3.04	0.1295
4	3.05	0.1322
5	3.32	0.1242
6	3.33	0.1278
7	3.34	0.1089
8	3.35	0.1089
9	4.03	0.1583
10	4.04	0.1765
11	4.04	0.1711
12	4.05	0.1484
13	6.92	0.0767
14	6.92	0.0957
15	6.93	0.4359
16	6.95	0.4136
17	7.19	0.1305
18	7.19	0.1488
19	7.21	0.1447
20	7.21	0.1129
21	7.22	0.0977
22	7.23	0.0846
23	7.24	0.1394
24	7.24	0.1412
25	7.25	0.0799
26	7.25	0.0685

Table of Multiplets
No.	Shift1 (ppm)	Hs	Type	J (Hz)		Atom1		Multiplet1	 (ppm)
1	3.03		1	dd	14.55 8.01	8		M06		3.00 .. 3.06
2	3.34		1	dd	14.53 4.68	8		M05		3.31 .. 3.36
3	4.04		1	dd	8.03 4.68	9		M04		4.02 .. 4.06
4	6.94		2	m	-		4 6		M03		6.91 .. 6.96
5	7.20		1	dd	7.95 1.51	3		M02		7.19 .. 7.21
6	7.24		1	td	7.76 1.71	5		M01		7.22 .. 7.26

Table of Assignments
No.	Atom	Exp. Shift (ppm)	Multiplet
1	8	3.03			M06
2	8	3.34			M05
3	9	4.04			M04
4	4	6.94			M03
5	6	6.94			M03
6	3	7.20			M02
7	5	7.24			M01

