Table of Peaks
No.	(ppm)	Height
1	7.16	0.0107
2	7.16	0.0122
3	7.16	0.0127
4	7.18	0.0266
5	7.18	0.0221
6	7.19	0.0153
7	7.19	0.0185
8	7.19	0.0133
9	7.27	0.0128
10	7.27	0.0132
11	7.27	0.0125
12	7.28	0.0210
13	7.28	0.0203
14	7.28	0.0191
15	7.29	0.0102
16	7.29	0.0111
17	7.29	0.0113
18	7.29	0.0117
19	7.29	0.0111
20	7.30	0.0368
21	7.50	0.0238
22	7.50	0.0228
23	7.50	0.0228
24	7.51	0.0231
25	7.51	0.0214
26	7.51	0.0211
27	7.51	0.0204
28	7.52	0.0198
29	7.52	0.0238
30	7.52	0.0225
31	7.52	0.0218
32	7.52	0.0226
33	7.52	0.0224

Table of Multiplets
No.	Shift1 (ppm)	Hs	Type	Atom1	Multiplet1	 (ppm)
1		7.16	1	m	8	M04		7.16 .. 7.19
2		7.27	1	m	7	M03		7.26 .. 7.30
3		7.30	1	br. s.	2	M02		7.30 .. 7.31
4		7.50	5	m	6 9	M01		7.49 .. 7.54

Table of Assignments
No.	Atom	Exp. Shift (ppm)	Multiplet
1	8	7.16			M04
2	7	7.27			M03
3	2	7.30			M02
4	6	7.50			M01
5	9	7.50			M01

