Table of Peaks
No.	(ppm)	(Hz)	Height
1	1.34	670.2	0.2046
2	1.36	677.5	0.3304
3	1.37	684.9	0.2202
4	2.78	1391.7	0.0736
5	2.80	1398.7	0.1548
6	2.81	1405.7	0.0847
7	3.04	1521.2	0.0109
8	3.06	1531.8	0.0246
9	3.09	1543.6	0.0288
10	3.11	1554.2	0.0133
11	3.16	1580.8	0.0173
12	3.17	1582.8	0.0196
13	3.19	1592.5	0.0302
14	3.21	1602.5	0.0150
15	3.21	1604.5	0.0124
16	3.34	1670.8	1.0000
17	3.53	1763.0	0.0870
18	3.53	1763.8	0.0914
19	3.54	1770.0	0.1792
20	3.54	1770.9	0.1827
21	3.56	1777.1	0.0944
22	3.56	1778.1	0.0982
23	3.89	1944.0	0.0114
24	3.89	1946.0	0.0126
25	3.90	1950.0	0.0159
26	3.91	1953.3	0.0226
27	3.91	1955.6	0.0202
28	3.92	1959.6	0.0184
29	3.92	1961.5	0.0165
30	3.98	1991.7	0.0240
31	3.99	1996.0	0.0273
32	4.00	2001.2	0.0207
33	4.01	2005.5	0.0172
34	6.78	3387.3	0.1959
35	6.79	3395.9	0.2146
36	7.07	3535.9	0.1234
37	7.08	3538.2	0.1374
38	7.09	3544.5	0.1262
39	7.10	3546.9	0.1043

Table of Multiplets
No.	Shift1 (ppm)	Hs	Type	J (Hz)	Atom1	Multiplet1	 (ppm)
1	1.36	6	t	7.31	18 19	M11	1.32 .. 1.39
2	2.80	2	t	7.01	11	M10	2.77 .. 2.82
3	3.08	1	m	-	15	M09	3.03 .. 3.12
4	3.19	1	t	9.87	15	M08	3.15 .. 3.22
5	3.34	3	s	-	14	M07	3.34 .. 3.35
6	3.38	1	m	-	17	M06	3.35 .. 3.41
7	3.54	2	td	7.10 0.92	12	M05	3.52 .. 3.56
8	3.92	1	m	9.56 6.14 2.09	9	M04	3.88 .. 3.93
9	4.00	1	dd	9.53 4.34	8	M03	3.97 .. 4.02
10	6.79	2	d	8.65	6 2	M02	6.77 .. 6.80
11	7.09	2	dd	8.69 2.33	5 3	M01	7.07 .. 7.10

Table of Assignments
No.	Atom	Exp. Shift (ppm)	Multiplet
1	18	1.36	M11
2	19	1.36	M11
3	11	2.80	M10
4	15	3.08	M09
5	15	3.19	M08
6	14	3.34	M07
7	17	3.38	M06
8	12	3.54	M05
9	9	3.92	M04
10	8	4.00	M03
11	6	6.79	M02
12	2	6.79	M02
13	5	7.09	M01
14	3	7.09	M01
