Table of Peaks
No. 	(ppm) 	(Hz) 	Height
1 	3.219 	1929.4 	1.9783 	
2 	3.232 	1937.5 	2.6272 	
3 	3.234 	1938.6 	2.7923 	
4 	3.248 	1946.7 	2.2843 	
5 	3.377 	2024.4 	1.2513 	
6 	3.387 	2030.1 	1.0891 	
7 	3.393 	2033.9 	3.2383 	
8 	3.403 	2039.6 	1.8496 	
9 	3.409 	2043.2 	3.3508 	
10 	3.419 	2049.2 	1.1255 	
11 	3.437 	2060.4 	1.4482 	
12 	3.441 	2062.5 	1.5877 	
13 	3.447 	2066.1 	1.6624 	
14 	3.451 	2068.3 	1.6432 	
15 	3.453 	2069.8 	1.1155 	
16 	3.457 	2072.3 	1.0774 	
17 	3.464 	2076.1 	3.6041 	
18 	3.479 	2085.3 	4.0000 	
19 	3.494 	2094.5 	1.6774 	
20 	3.513 	2105.7 	1.1778 	
21 	3.519 	2109.5 	1.1978 	
22 	3.529 	2115.6 	1.4069 	
23 	3.536 	2119.3 	1.4134 	
24 	3.688 	2210.9 	1.3841 	
25 	3.700 	2218.1 	2.1829 	
26 	3.704 	2220.3 	2.4394 	
27 	3.710 	2223.8 	1.8800 	
28 	3.721 	2230.1 	3.1553 	
29 	3.730 	2236.1 	2.1533 	
30 	3.741 	2242.3 	0.5798 	
31 	3.749 	2247.5 	1.0467 	
32 	3.761 	2254.5 	1.2925 	
33 	3.770 	2259.7 	1.3714 	
34 	3.803 	2279.8 	0.7738 	
35 	3.807 	2281.9 	0.8581 	
36 	3.815 	2286.9 	0.9699 	
37 	3.824 	2292.0 	2.5186 	
38 	3.829 	2295.3 	1.0834 	
39 	3.842 	2303.0 	1.0928 	
40 	3.846 	2305.2 	0.8918 	
41 	3.877 	2323.9 	2.4548 	
42 	3.881 	2326.0 	2.4577 	
43 	3.897 	2336.2 	1.9927 	
44 	3.901 	2338.3 	1.9171 	
45 	4.627 	2773.7 	2.8118 	
46 	4.641 	2781.6 	2.8456 	
47 	5.220 	3128.9 	2.2275 	
48 	5.226 	3132.6 	2.2192 	


Table of Multiplets
No. 	Shift1 (ppm) 	Hs 	Type 	J (Hz) 	Atom1 	Multiplet1 	 (ppm)
1 	3.233 	9 	dd 	9.220 8.067 	3 	M09 	3.199 .. 3.259
2 	3.398 	14 	m 	- 	5 	M08 	3.364 .. 3.425
3 	3.458 	18 	m 	- 	6 	M07 	3.429 .. 3.502
4 	3.524 	5 	dd 	9.823 3.732 	3 	M06 	3.504 .. 3.550
5 	3.728 	19 	m 	- 	4 11 	M05 	3.674 .. 3.783
6 	3.824 	10 	m 	- 	11 6 	M04 	3.792 .. 3.857
7 	3.889 	8 	dd 	12.293 2.140 	11 	M03 	3.861 .. 3.931
8 	4.634 	8 	d 	7.957 	2 	M02 	4.589 .. 4.667
9 	5.223 	5 	d 	3.677 	2 	M01 	5.189 .. 5.252


Table of Assignments
No. 	Atom 	Exp. Shift (ppm) 	Multiplet
1 	3 	3.233 	M09
2 	5 	3.398 	M08
3 	6 	3.458 	M07
4 	3 	3.524 	M06
5 	4 	3.728 	M05
6 	11 	3.728 	M05
7 	11 	3.824 	M04
8 	6 	3.824 	M04
9 	11 	3.889 	M03
10 	2 	4.634 	M02
11 	2 	5.223 	M01
