Table of Peaks
No.	(ppm)	Height
1	0.87	0.0186
2	0.88	0.0373
3	0.89	0.0170
4	1.26	0.3516
5	1.30	0.0253
6	1.32	0.0052
7	1.60	0.0028
8	1.61	0.0082
9	1.62	0.0104
10	1.63	0.0067
11	1.64	0.0018
12	2.32	0.0007
13	2.33	0.0015
14	2.35	0.0078
15	2.35	0.0079
16	2.36	0.0143
17	2.37	0.0137
18	2.37	0.0070
19	2.38	0.0065
20	2.39	0.0013
21	2.41	0.0005
22	2.71	0.0023
23	2.72	0.0021
24	2.74	0.0099
25	2.75	0.0119
26	2.76	0.0119
27	2.76	0.0103
28	2.78	0.0024
29	2.79	0.0019
30	3.25	0.1781
31	3.81	0.0027
32	3.83	0.0113
33	3.84	0.0093
34	3.85	0.0081
35	3.86	0.0016
36	3.88	0.0024
37	5.58	0.0022
38	5.59	0.0049
39	5.60	0.0046
40	5.61	0.0019

Table of Multiplets
No.	Shift1 (ppm)	Hs	Type	Atom1							Multiplet1	 (ppm)
1	0.87		3	t	24							M09		0.85 .. 0.91
2	1.26		26	s	23 22 21 20 19 18 17 16 15 14 13 12 11	M08		1.22 .. 1.28
3	1.30		2	m	10							M07		1.29 .. 1.35
4	1.60		2	quin	9							M06		1.58 .. 1.66
5	2.32		2	m	8							M05		2.31 .. 2.41
6	2.71		2	ddd	25							M04		2.70 .. 2.80
7	3.25		9	s	7 29 28						M03		3.23 .. 3.27
8	3.81		2	m	5							M02		3.80 .. 3.89
9	5.58		1	m	4							M01		5.54 .. 5.65

Table of Assignments
No.	Atom	Exp. Shift (ppm)	Multiplet
1	24	0.87			M09
2	23	1.26			M08
3	22	1.26			M08
4	21	1.26			M08
5	20	1.26			M08
6	19	1.26			M08
7	18	1.26			M08
8	17	1.26			M08
9	16	1.26			M08
10	15	1.26			M08
11	14	1.26			M08
12	13	1.26			M08
13	12	1.26			M08
14	11	1.26			M08
15	10	1.30			M07
16	9	1.60			M06
17	8	2.32			M05
18	25	2.71			M04
19	7	3.25			M03
20	29	3.25			M03
21	28	3.25			M03
22	5	3.81			M02
23	4	5.58			M01

