Table of Peaks
No.	(ppm)	Height
1	2.27	0.0327
2	2.27	0.0661
3	2.27	0.0889
4	2.27	0.1238
5	2.28	0.1173
6	2.28	0.1012
7	2.28	0.0918
8	2.29	0.0767
9	2.29	0.0869
10	2.29	0.0730
11	2.29	0.0693
12	2.29	0.0585
13	2.30	0.0256
14	2.30	0.0205
15	3.38	0.0131
16	3.38	0.0357
17	3.39	0.0430
18	3.39	0.0412
19	3.39	0.0366
20	3.40	0.0124
21	3.41	0.0201
22	3.41	0.0545
23	3.42	0.0659
24	3.42	0.0635
25	3.42	0.0540
26	3.43	0.0183
27	3.52	0.0206
28	3.52	0.0347
29	3.53	0.0494
30	3.53	0.0640
31	3.53	0.0483
32	3.54	0.0325
33	3.54	0.0206
34	3.55	0.0142
35	3.55	0.0234
36	3.55	0.0328
37	3.56	0.0427
38	3.56	0.0332
39	3.56	0.0216
40	3.57	0.0136
41	3.91	0.0662
42	3.92	0.1053
43	3.93	0.0639
44	5.81	0.0120
45	5.81	0.0334
46	5.81	0.0401
47	5.82	0.0390
48	5.82	0.0273
49	5.83	0.0536
50	5.83	0.0688
51	5.83	0.0681
52	5.84	0.0543
53	5.84	0.0196
54	5.87	0.0161
55	5.87	0.0271
56	5.87	0.0282
57	5.88	0.0437
58	5.88	0.0443
59	5.88	0.0406
60	5.88	0.0326
61	5.88	0.0337
62	5.89	0.0263
63	5.89	0.0230
64	5.89	0.0161
65	5.89	0.0255
66	5.90	0.0262
67	5.90	0.0219
68	5.90	0.0152
69	5.91	0.0085
70	7.42	0.0645
71	7.42	0.0639
72	7.42	0.0661
73	7.43	0.0665
74	7.43	0.0685
75	7.43	0.0671
76	7.44	0.0686
77	7.44	0.0675
78	7.87	0.0426
79	7.87	0.0466
80	7.87	0.0795
81	7.87	0.0438
82	7.87	0.0448
83	7.88	0.0406
84	7.88	0.0444
85	7.88	0.0742
86	7.89	0.0398
87	7.89	0.0406
88	8.44	0.1026
89	8.44	0.1023
90	8.45	0.1023
91	8.45	0.0967
92	8.56	0.1132
93	8.57	0.1101

Table of Peaks
No.	Shift1 (ppm)	Hs	Type	J (Hz)			Atom1		Multiplet1	 (ppm)
1	2.28		2	m	7.25 3.62 1.88	5		M10		2.26 .. 2.30
2	3.42		1	m	-			2		M09		3.38 .. 3.43
3	3.52		1	m	-			2		M08		3.51 .. 3.57
4	3.92		1	t	7.26			6		M07		3.90 .. 3.94
5	5.83		1	m	-			3		M06		5.80 .. 5.85
6	5.87		1	m	-			4		M05		5.86 .. 5.91
7	7.43		1	ddd	7.91 4.88 0.80	11		M04		7.41 .. 7.44
8	7.88		1	m	-			12		M03		7.86 .. 7.89
9	8.44		1	dd	4.87 1.62		10		M02		8.43 .. 8.46
10	8.57		1	d	2.26			8		M01		8.56 .. 8.58

Table of Peaks
No.	Atom	Exp. Shift (ppm)	Multiplet
1	5	2.28			M10
2	2	3.42			M09
3	2	3.52			M08
4	6	3.92			M07
5	3	5.83			M06
6	4	5.87			M05
7	11	7.43			M04
8	12	7.88			M03
9	10	8.44			M02
10	8	8.57			M01

