Table of Peaks
No.	(ppm)	(Hz)	Height
1	3.957	2371.82	0.1272
2	3.958	2372.20	0.1347
3	3.962	2375.08	0.1469
4	3.963	2375.55	0.1521
5	3.968	2378.24	0.1602
6	3.968	2378.68	0.1664
7	3.973	2381.57	0.1550
8	3.974	2382.01	0.1549
9	4.085	2448.34	0.0741
10	4.095	2454.82	0.1327
11	4.104	2460.04	0.1175
12	4.106	2461.27	0.0708
13	4.115	2466.52	0.1856
14	4.126	2473.00	0.0869
15	4.191	2512.33	0.0986
16	4.197	2515.66	0.0995
17	4.202	2518.71	0.1025
18	4.208	2522.06	0.1056
19	4.211	2524.01	0.0753
20	4.216	2527.36	0.0688
21	4.221	2530.38	0.0720
22	4.227	2533.70	0.0650

Table of Multiplets
No.	Shift1 (ppm)	Hs	Type	J (Hz)	Atom1	Multiplet1	 (ppm)
1	3.968	2	ddd	6.43 3.23 0.45	4	M05	3.954 .. 3.977
2	4.095	1	t	6.48	3	M04	4.083 .. 4.105
3	4.116	1	t	6.48	3	M03	4.105 .. 4.127
4	4.199	1	dd	6.39 3.34	3	M02	4.189 .. 4.210
5	4.219	1	dd	6.36 3.34	3	M01	4.209 .. 4.230

Table of Assignments
No.	Atom	Exp. Shift (ppm)	Multiplet
1	4	3.968	M05
2	3	4.095	M04
3	3	4.116	M03
4	3	4.199	M02
5	3	4.219	M01
