Table of Peaks

No. 	(ppm) 	(Hz) 	Height
1 	5.41 	2702.0 	0.0219 	
2 	5.40 	2699.3 	0.0298 	
3 	5.40 	2696.9 	0.0467 	
4 	5.39 	2696.3 	0.0469 	
5 	5.39 	2694.4 	0.0534 	
6 	5.39 	2693.3 	0.0529 	
7 	5.39 	2692.3 	0.0506 	
8 	5.38 	2691.3 	0.0530 	
9 	5.38 	2689.5 	0.0442 	
10 	5.38 	2689.1 	0.0439 	
11 	5.38 	2687.2 	0.0356 	
12 	5.22 	2610.5 	0.1935 	
13 	5.22 	2609.8 	0.1921 	
14 	4.31 	2153.1 	0.2127 	
15 	4.30 	2148.5 	0.3725 	
16 	4.29 	2143.6 	0.2499 	
17 	4.23 	2115.4 	0.0407 	
18 	4.21 	2105.6 	0.1707 	
19 	4.21 	2103.9 	0.1638 	
20 	4.21 	2103.3 	0.1628 	
21 	4.21 	2102.0 	0.1610 	
22 	4.20 	2100.9 	0.1642 	
23 	4.20 	2099.3 	0.1705 	
24 	4.20 	2098.4 	0.1723 	
25 	4.18 	2090.3 	0.3091 	
26 	4.15 	2076.4 	0.0366 	
27 	4.07 	2035.5 	0.3298 	
28 	4.07 	2034.1 	0.3251 	
29 	4.06 	2031.8 	0.3460 	
30 	4.05 	2023.7 	0.4299 	
31 	3.94 	1969.6 	0.1531 	
32 	3.93 	1962.8 	0.2111 	
33 	3.93 	1962.1 	0.2143 	
34 	3.92 	1958.5 	0.2677 	
35 	3.87 	1935.5 	0.2042 	
36 	3.87 	1935.1 	0.2042 	
37 	3.86 	1930.4 	0.3839 	
38 	3.85 	1925.0 	0.5034 	
39 	3.84 	1920.1 	0.4823 	
40 	3.81 	1905.8 	0.0372 	


Table of Multiplets

No. 	Shift1 (ppm) 	Hs 	Type 	J (Hz) 	Atom1 	Multiplet1 	 (ppm)
1 	5.39 	2 	m 	- 	16 	M01 	5.35 .. 5.42
2 	5.22 	4 	m 	- 	2 	M02 	5.18 .. 5.26
3 	4.30 	9 	t 	4.76 	4 	M03 	4.26 .. 4.34
4 	4.20 	14 	m 	- 	18 19 	M04 	4.13 .. 4.25
5 	4.06 	20 	m 	- 	17 5 	M05 	4.01 .. 4.11
6 	3.93 	10 	m 	- 	9 	M06 	3.89 .. 3.97
7 	3.85 	20 	m 	- 	23 9 	M07 	3.79 .. 3.89


Table of Assignments

No. 	Atom 	Exp. Shift (ppm) 	Multiplet
1 	16 	5.39 	M01
2 	2 	5.22 	M02
3 	4 	4.30 	M03
4 	19 	4.20 	M04
5 	18 	4.20 	M04
6 	5 	4.06 	M05
7 	17 	4.06 	M05
8 	9 	3.93 	M06
9 	9 	3.85 	M07
10 	23 	3.85 	M07
