Table of Peaks
No.	(ppm)	Height
1	1.35	0.8899
2	1.36	0.9223
3	1.36	1.0000
4	1.37	0.8923
5	3.22	0.1021
6	3.23	0.1070
7	3.24	0.1645
8	3.26	0.1681
9	3.31	0.1640
10	3.31	0.1781
11	3.33	0.1050
12	3.33	0.1036
13	3.47	0.0084
14	3.48	0.0509
15	3.49	0.1345
16	3.50	0.1818
17	3.51	0.1319
18	3.52	0.0492
19	3.53	0.0081
20	3.57	0.9275
21	4.08	0.0955
22	4.09	0.1057
23	4.10	0.1888
24	4.11	0.1899
25	4.14	0.1788
26	4.14	0.1993
27	4.15	0.0997
28	4.16	0.1002
29	4.30	0.0384
30	4.30	0.0589
31	4.31	0.0666
32	4.31	0.0729
33	4.31	0.0736
34	4.31	0.0773
35	4.32	0.0786
36	4.32	0.0752
37	4.33	0.0639
38	4.34	0.0325
39	7.00	0.0391
40	7.00	0.4913
41	7.01	0.1617
42	7.02	0.1492
43	7.02	0.5343
44	7.02	0.0597
45	7.26	0.0396
46	7.27	0.4618
47	7.27	0.1547
48	7.28	0.1284
49	7.28	0.4065
50	7.29	0.0464

Table of Multiplets
No.	Shift1 (ppm)	Hs	Type	J (Hz)		Atom1		Multiplet1	 (ppm)
1	1.36		6	dd	6.55 4.51	17 19		M08		1.33 .. 1.38
2	3.28		2	m	-		14		M07		3.21 .. 3.35
3	3.49		1	spt	-		16		M06		3.46 .. 3.54
4	3.57		2	s	-		11		M05		3.55 .. 3.59
5	4.12		2	ddd	-		8		M04		4.07 .. 4.18
6	4.32		1	m	-		9		M03		4.28 .. 4.35
7	7.01		2	m	-		2 6		M02		6.99 .. 7.04
8	7.28		2	m	-		3 5		M01		7.25 .. 7.30

Table of Assignments
No.	Atom	Exp. Shift (ppm)	Multiplet
1	17	1.36		M08
2	19	1.36		M08
3	14	3.28		M07
4	16	3.49		M06
5	11	3.57		M05
6	8	4.12		M04
7	9	4.32		M03
8	2	7.01		M02
9	6	7.01		M02
10	3	7.28		M01
11	5	7.28		M01

