Table of Peaks
No.	(ppm)	Height
1	4.18	0.0039
2	4.19	0.0115
3	4.19	0.0093
4	4.19	0.0089
5	4.20	0.0212
6	4.20	0.0294
7	4.21	0.0289
8	4.21	0.0191
9	4.24	0.0158
10	4.25	0.0230
11	4.25	0.0181
12	4.26	0.0224
13	4.26	0.0081
14	4.26	0.0060
15	4.27	0.0030
16	4.28	0.0037
17	4.34	0.0026
18	4.34	0.0382
19	4.35	0.0485
20	4.35	0.0360
21	4.36	-0.0003
22	4.58	0.0246
23	4.59	0.0273
24	4.59	0.0304
25	4.59	0.0196
26	5.92	0.1349
27	5.93	0.1354
28	8.13	0.2955

Table of Multiplets
No.	Shift1 (ppm)	Hs	Type	J (Hz)	Atom1	Multiplet1	 (ppm)
1	4.18		0	ddd	-	17	M06		4.17 .. 4.22
2	4.24		0	ddd	-	17	M05		4.23 .. 4.28
3	4.36		0	m	-	5	M04		4.33 .. 4.36
4	4.58		1	dd	-	4	M03		4.57 .. 4.61
5	5.92		1	d	6.11	2	M02		5.89 .. 5.95
6	8.13		1	s	-	7	M01		8.10 .. 8.16

Table of Assignments
No.	Atom	Exp. Shift (ppm)	Multiplet
1	17	4.18			M06
2	17	4.24			M05
3	5	4.36			M04
4	4	4.58			M03
5	2	5.92			M02
6	7	8.13			M01

