Table of Peaks
No.	(ppm)	Height
1	0.69	0.9874
2	0.92	1.0000
3	0.94	0.4556
4	0.96	0.4802
5	1.03	0.0235
6	1.04	0.0289
7	1.06	0.0609
8	1.06	0.0633
9	1.08	0.0337
10	1.08	0.0330
11	1.10	0.0075
12	1.11	0.0269
13	1.13	0.0459
14	1.13	0.0663
15	1.15	0.1277
16	1.15	0.1363
17	1.17	0.2493
18	1.18	0.1088
19	1.19	0.1165
20	1.19	0.0743
21	1.21	0.0351
22	1.21	0.0554
23	1.24	0.0405
24	1.24	0.0413
25	1.26	0.0331
26	1.26	0.0356
27	1.28	0.0246
28	1.28	0.0479
29	1.29	0.0510
30	1.30	0.0549
31	1.30	0.0606
32	1.31	0.0696
33	1.32	0.0768
34	1.33	0.0569
35	1.34	0.0679
36	1.34	0.0711
37	1.35	0.0649
38	1.37	0.0819
39	1.39	0.0919
40	1.40	0.0376
41	1.41	0.0773
42	1.41	0.0767
43	1.43	0.1358
44	1.44	0.0745
45	1.45	0.0789
46	1.45	0.0764
47	1.46	0.0679
48	1.47	0.0418
49	1.49	0.0490
50	1.50	0.0336
51	1.50	0.0345
52	1.51	0.0082
53	1.52	0.0076
54	1.56	0.0373
55	1.56	0.0681
56	1.57	0.0459
57	1.58	0.0343
58	1.58	0.0547
59	1.59	0.0350
60	1.60	0.0389
61	1.61	0.0782
62	1.62	0.0816
63	1.62	0.1213
64	1.63	0.1297
65	1.64	0.0969
66	1.65	0.0613
67	1.65	0.0479
68	1.77	0.0173
69	1.78	0.0192
70	1.78	0.0561
71	1.79	0.0994
72	1.79	0.0716
73	1.80	0.0468
74	1.81	0.0588
75	1.81	0.0819
76	1.83	0.0184
77	1.87	0.0571
78	1.88	0.0437
79	1.89	0.0750
80	1.90	0.0664
81	1.91	0.0380
82	1.91	0.0339
83	1.92	0.0268
84	1.93	0.0159
85	1.94	0.0101
86	2.00	0.0302
87	2.01	0.0612
88	2.03	0.0352
89	2.03	0.0672
90	2.17	0.0314
91	2.18	0.0381
92	2.19	0.0373
93	2.20	0.0713
94	2.21	0.0530
95	2.21	0.0556
96	2.22	0.0391
97	2.30	0.0455
98	2.31	0.0508
99	2.32	0.0483
100	2.33	0.0772
101	2.34	0.0335
102	2.35	0.0323
103	2.35	0.0259
104	3.51	0.3314
105	3.51	0.2740
106	3.53	0.2218
107	3.53	0.1824
108	3.99	0.0334
109	4.00	0.0761
110	4.00	0.0498
111	4.01	0.0505
112	4.02	0.0786
113	4.02	0.0454

Table of Multiplets
No.	Atom	Exp. Shift (ppm)	Multiplet
1	20	0.69		M14
2	18	0.92		M13
3	27	0.95		M12
4	14	1.03		M11
5	12	1.23		M10
6	6a	1.23		M10
7	4	1.23		M10
8	22	1.23		M10
9	15	1.23		M10
10	11	1.23		M10
11	17	1.23		M10
12	8	1.23		M10
13	7	1.23		M10
14	21	1.23		M10
15	10a	1.23		M10
16	5a	1.23		M10
17	2	1.56		M09
18	4	1.62		M08
19	15	1.62		M08
20	12	1.62		M08
21	14	1.78		M07
22	22	1.78		M07
23	17	1.87		M06
24	11	1.87		M06
25	8	2.02		M05
26	23	2.18		M04
27	23	2.32		M03
28	16	3.53		M02
29	3	4.00		M01

Table of Assignments
No.	Shift1 (ppm)	Hs	Type	J (Hz)		Atom1					Multiplet1	 (ppm)
1	0.69		3	s	-		20					M14		0.66 .. 0.72
2	0.92		3	s	-		18					M13		0.91 .. 0.94
3	0.95		3	d	6.55		27					M12		0.94 .. 0.98
4	1.03		1	td	-		14					M11		1.02 .. 1.10
5	1.23		13	m	-	12 6a 4 22 15 11 17 8 7 21 10a 5a	M10		1.10 .. 1.54
6	1.56		0	dt	-		2					M09		1.54 .. 1.60
7	1.62		3	m	-		4 15 12				M08		1.60 .. 1.67
8	1.78		2	m	-		14 22					M07		1.75 .. 1.84
9	1.87		2	m	-		17 11					M06		1.84 .. 1.96
10	2.02		0	m	-		8					M05		1.99 .. 2.05
11	2.18		0	m	-		23					M04		2.15 .. 2.24
12	2.32		0	m	-		23					M03		2.28 .. 2.37
13	3.53		2	br. s.	-		16					M02		3.50 .. 3.63
14	4.00		1	m	-		3					M01		3.96 .. 4.05

