Table of Peaks

No. 	(ppm) 	(Hz) 	Height
1 	4.62 	2310.4 	0.1291 	
2 	4.61 	2305.3 	0.1545 	
3 	4.61 	2302.7 	0.1699 	
4 	4.60 	2297.7 	0.1564 	
5 	4.43 	2216.3 	0.2358 	
6 	4.42 	2211.6 	0.2649 	
7 	4.41 	2205.2 	0.1934 	
8 	3.73 	1866.1 	0.3777 	
9 	3.72 	1860.1 	0.5889 	
10 	3.71 	1853.8 	0.3695 	
11 	3.36 	1677.1 	0.1794 	
12 	3.35 	1672.0 	0.2887 	
13 	3.34 	1667.5 	0.3240 	
14 	3.33 	1663.1 	0.2900 	
15 	3.32 	1657.7 	0.1670 	
16 	3.21 	1604.2 	0.2491 	
17 	3.20 	1597.8 	0.6199 	
18 	3.18 	1591.5 	0.6084 	
19 	3.17 	1585.1 	0.2418 	
20 	3.01 	1506.7 	0.3223 	
21 	3.00 	1501.8 	0.3236 	
22 	2.99 	1493.7 	0.4161 	
23 	2.98 	1488.7 	0.3938 	
24 	2.79 	1396.5 	0.6301 	
25 	2.77 	1383.5 	0.4996 	
26 	2.26 	1129.9 	0.4609 	
27 	2.25 	1122.7 	1.0000 	
28 	2.23 	1115.4 	0.4943 	
29 	1.92 	961.7 	0.0304 	
30 	1.91 	956.0 	0.0589 	
31 	1.90 	950.3 	0.0644 	
32 	1.89 	947.2 	0.1273 	
33 	1.88 	941.5 	0.1952 	
34 	1.87 	935.6 	0.2106 	
35 	1.86 	931.0 	0.2395 	
36 	1.86 	928.3 	0.2257 	
37 	1.85 	924.9 	0.2180 	
38 	1.84 	921.7 	0.1611 	
39 	1.84 	918.5 	0.1784 	
40 	1.82 	912.0 	0.1317 	
41 	1.82 	907.4 	0.0467 	
42 	1.81 	904.1 	0.0579 	
43 	1.80 	897.5 	0.0358 	
44 	1.77 	884.8 	0.0247 	
45 	1.76 	878.2 	0.0617 	
46 	1.74 	872.1 	0.1085 	
47 	1.74 	869.2 	0.0928 	
48 	1.73 	864.7 	0.1474 	
49 	1.72 	858.6 	0.1591 	
50 	1.71 	855.7 	0.1301 	
51 	1.71 	852.5 	0.1048 	
52 	1.70 	849.4 	0.1549 	
53 	1.69 	843.4 	0.1179 	
54 	1.67 	837.2 	0.0976 	
55 	1.66 	830.1 	0.1613 	
56 	1.64 	821.8 	0.1969 	
57 	1.64 	817.3 	0.2140 	
58 	1.62 	810.2 	0.2516 	
59 	1.61 	802.4 	0.2437 	
60 	1.60 	798.2 	0.1972 	
61 	1.58 	792.1 	0.2365 	
62 	1.58 	789.3 	0.2438 	
63 	1.57 	782.9 	0.3949 	
64 	1.55 	775.2 	0.5324 	
65 	1.54 	768.0 	0.4242 	
66 	1.52 	760.9 	0.1448 	
67 	1.45 	724.1 	0.0698 	
68 	1.44 	721.4 	0.0634 	
69 	1.43 	716.1 	0.1602 	
70 	1.42 	707.7 	0.3850 	
71 	1.40 	701.3 	0.4972 	
72 	1.40 	697.3 	0.4021 	
73 	1.39 	694.7 	0.4027 	
74 	1.38 	690.8 	0.3066 	
75 	1.38 	687.9 	0.2481 	
76 	1.37 	684.2 	0.1616 	
77 	1.36 	681.7 	0.1484 	
78 	1.35 	675.9 	0.0768 	


Table of Multiplets

No. 	Shift1 (ppm) 	Hs 	Type 	J (Hz) 	Atom1 	Multiplet1 	 (ppm)
1 	4.61 	2 	dd 	7.69 5.08 	3 	M01 	4.59 .. 4.64
2 	4.42 	4 	m 	- 	7 	M02 	4.39 .. 4.45
3 	3.72 	5 	t 	6.15 	21 	M03 	3.70 .. 3.75
4 	3.34 	5 	m 	- 	8 	M04 	3.31 .. 3.37
5 	3.19 	10 	q 	6.39 	17 	M05 	3.15 .. 3.22
6 	3.00 	4 	dd 	13.06 4.96 	2 	M06 	2.97 .. 3.02
7 	2.78 	4 	d 	13.04 	2 	M07 	2.75 .. 2.81
8 	2.25 	8 	t 	7.25 	13 	M08 	2.22 .. 2.27
9 	1.86 	8 	m 	- 	20 	M09 	1.79 .. 1.96
10 	1.72 	1 	m 	- 	10 	M10 	1.67 .. 1.78
11 	1.62 	2 	m 	- 	12 	M11 	1.58 .. 1.67
12 	1.55 	3 	m 	- 	18 11 10 	M12 	1.50 .. 1.58
13 	1.40 	4 	m 	- 	11 19 	M13 	1.33 .. 1.48


Table of Assignments

No. 	Atom 	Exp. Shift (ppm) 	Multiplet
1 	3 	4.61 	M01
2 	7 	4.42 	M02
3 	21 	3.72 	M03
4 	8 	3.34 	M04
5 	17 	3.19 	M05
6 	2 	3.00 	M06
7 	2 	2.78 	M07
8 	13 	2.25 	M08
9 	20 	1.86 	M09
10 	10 	1.72 	M10
11 	12 	1.62 	M11
12 	10 	1.55 	M12
13 	11 	1.55 	M12
14 	18 	1.55 	M12
15 	19 	1.40 	M13
16 	11 	1.40 	M13
