Table of Peaks
No.	(ppm)	(Hz)	Height
1	4.200	2517.82	0.0856
2	4.214	2525.99	0.1751
3	4.221	2529.83	0.2353
4	4.238	2540.21	0.2252
5	4.250	2547.72	0.1865
6	4.350	2607.38	0.0923
7	4.353	2609.02	0.1011
8	4.357	2611.44	0.0999
9	4.373	2621.15	0.2588
10	4.397	2635.58	0.0536
11	4.428	2653.91	0.1307
12	4.432	2656.82	0.1644
13	4.436	2658.80	0.1866
14	4.441	2661.76	0.1734
15	4.484	2687.83	0.1423
16	4.493	2693.10	0.1962
17	4.497	2695.84	0.1867
18	4.502	2698.37	0.1726
19	4.506	2701.00	0.1973
20	4.513	2704.90	0.1387
21	4.526	2712.69	0.0185
22	4.528	2714.01	0.0244
23	4.541	2721.63	0.0663
24	4.544	2723.99	0.0840
25	4.548	2726.24	0.0607
26	6.022	3609.62	0.4183
27	6.032	3615.49	0.4316
28	6.084	3646.77	0.3374
29	6.093	3652.20	0.3419
30	6.117	3666.42	0.1504
31	6.127	3672.29	0.1359
32	8.142	4880.54	0.9935
33	8.191	4909.52	0.1920
34	8.202	4916.16	0.2562
35	8.204	4917.26	0.2763
36	8.214	4923.73	0.2062
37	8.226	4930.87	0.1890
38	8.406	5038.92	1.0000
39	8.480	5083.16	0.2578
40	8.833	5294.44	0.2946
41	8.846	5302.50	0.2826
42	9.146	5482.39	0.2986
43	9.157	5488.60	0.2947
44	9.332	5593.96	0.5964

Table of Multiplets
No.	Shift1 (ppm)	Hs	Type	J (Hz)	Atom1	Multiplet1	 (ppm)
1	4.225	3	m	-	25 17	M15	4.177 .. 4.276
2	4.353	1	m	-	17	M14	4.341 .. 4.360
3	4.373	1	m	-	3	M13	4.361 .. 4.389
4	4.434	1	dd	4.91 2.94	30	M12	4.416 .. 4.454
5	4.499	1	m	-	29	M11	4.476 .. 4.520
6	4.537	1	m	-	4 26	M10	4.524 .. 4.565
7	6.027	1	d	5.87	2	M09	6.011 .. 6.045
8	6.088	1	d	5.43	28	M08	6.073 .. 6.103
9	6.122	1	d	5.87	2	M07	6.105 .. 6.145
10	8.142	1	s	-	12	M06	8.130 .. 8.154
11	8.207	1	m	-	38	M05	8.171 .. 8.233
12	8.406	1	s	-	7	M04	8.380 .. 8.436
13	8.839	1	d	8.07	39	M03	8.817 .. 8.862
14	9.152	1	d	6.20	37	M02	9.126 .. 9.180
15	9.332	1	s	-	35	M01	9.307 .. 9.356

Table of Assignments
No.	Atom	Exp. Shift (ppm)	Multiplet
1	25	4.225	M15
2	17	4.225	M15
3	17	4.353	M14
4	3	4.373	M13
5	30	4.434	M12
6	29	4.499	M11
7	4	4.537	M10
8	26	4.537	M10
9	2	6.027	M09
10	28	6.088	M08
11	2	6.122	M07
12	12	8.142	M06
13	38	8.207	M05
14	7	8.406	M04
15	39	8.839	M03
16	37	9.152	M02
17	35	9.332	M01
