Table of Peaks
No.	(ppm)	(Hz)	Height
1	1.38	688.6	0.8330
2	1.39	694.0	0.9666
3	1.39	695.1	1.0000
4	1.40	700.4	0.8319
5	3.30	1648.7	0.0648
6	3.32	1658.3	0.0631
7	3.32	1661.7	0.1503
8	3.34	1671.2	0.1517
9	3.36	1681.1	0.1422
10	3.37	1684.4	0.1659
11	3.39	1694.0	0.0705
12	3.40	1697.4	0.0579
13	3.49	1742.3	0.0410
14	3.50	1748.9	0.1100
15	3.51	1755.4	0.1475
16	3.53	1762.0	0.1034
17	3.54	1768.6	0.0404
18	4.24	2118.6	0.0357
19	4.25	2123.7	0.0289
20	4.26	2128.9	0.0806
21	4.27	2134.0	0.0601
22	4.29	2143.3	0.0741
23	4.30	2147.5	0.0566
24	4.31	2153.5	0.0315
25	4.32	2157.7	0.0225
26	4.46	2228.2	0.0108
27	4.47	2232.3	0.0159
28	4.48	2237.6	0.0120
29	4.48	2241.2	0.0116
30	4.49	2245.4	0.0114
31	7.00	3497.5	0.2152
32	7.01	3505.1	0.2386
33	7.49	3741.2	0.1397
34	7.50	3749.4	0.2743
35	7.52	3757.2	0.2000
36	7.59	3791.6	0.2468
37	7.59	3794.6	0.0403
38	7.60	3796.5	0.0615
39	7.60	3800.0	0.1982
40	7.61	3801.4	0.2074
41	7.61	3804.2	0.2241
42	7.62	3807.7	0.3551
43	7.63	3811.3	0.2328
44	7.63	3813.8	0.1706
45	7.64	3818.8	0.0553
46	7.94	3967.3	0.1518
47	7.95	3974.3	0.1128
48	7.96	3976.7	0.1255
49	8.28	4138.8	0.1316
50	8.29	4141.5	0.1170
51	8.29	4145.1	0.0625
52	8.30	4148.4	0.1336

Table of Multiplets
No.	Shift1 (ppm)	Hs	Type	J (Hz)	Atom1	Multiplet1	 (ppm)
1	1.39	6	dd	6.43 5.38	18 19	M10	1.35 .. 1.43
2	3.35	2	m	-	15	M09	3.28 .. 3.42
3	3.51	1	m	6.54	17	M08	3.45 .. 3.56
4	4.28	2	dd	13.92 4.68	12	M07	4.22 .. 4.34
5	4.48	1	m	-	13	M06	4.43 .. 4.52
6	7.00	1	d	7.62	2	M05	6.98 .. 7.03
7	7.50	1	t	7.97	3	M04	7.47 .. 7.53
8	7.61	3	m	-	8 7 4	M03	7.57 .. 7.68
9	7.95	1	m	-	6	M02	7.92 .. 7.98
10	8.29	1	m	-	9	M01	8.25 .. 8.33

Table of Assignments
No.	Atom	Exp. Shift (ppm)	Multiplet
1	18	1.39	M10
2	19	1.39	M10
3	15	3.35	M09
4	17	3.51	M08
5	12	4.28	M07
6	13	4.48	M06
7	2	7.00	M05
8	3	7.50	M04
9	8	7.61	M03
10	7	7.61	M03
11	4	7.61	M03
12	6	7.95	M02
13	9	8.29	M01

