Table of Peaks
No. 	(ppm) 	(Hz) 	Height
1 	0.94 	560.7 	1.0000 	
2 	0.92 	553.6 	0.9596 	
3 	0.95 	571.4 	0.9347 	
4 	0.94 	564.0 	0.5259 	
5 	0.97 	578.9 	0.4793 	
6 	3.74 	2239.1 	0.4443 	
7 	3.73 	2235.6 	0.4192 	
8 	1.43 	856.1 	0.1420 	
9 	1.42 	849.3 	0.1417 	
10 	1.34 	803.9 	0.1306 	
11 	1.33 	796.9 	0.1066 	
12 	1.44 	863.2 	0.1032 	
13 	1.40 	842.1 	0.0953 	
14 	2.06 	1235.0 	0.0932 	
15 	2.05 	1230.9 	0.0919 	
16 	1.32 	790.1 	0.0916 	
17 	2.07 	1238.5 	0.0896 	
18 	1.35 	811.4 	0.0886 	
19 	2.05 	1228.0 	0.0866 	
20 	1.45 	870.0 	0.0573 	
21 	1.30 	782.2 	0.0561 	
22 	2.07 	1242.1 	0.0560 	
23 	2.04 	1223.8 	0.0559 	
24 	2.08 	1245.6 	0.0478 	
25 	2.04 	1220.3 	0.0474 	
26 	1.39 	834.6 	0.0280 	
27 	1.37 	818.8 	0.0250 	
28 	1.29 	774.7 	0.0189 	
29 	1.46 	877.4 	0.0176 	
30 	2.03 	1216.8 	0.0170 	
31 	2.02 	1213.3 	0.0133 	
32 	2.09 	1252.6 	0.0123 	


Table of Multiplets
No. 	Hs 	Type 	J (Hz) 	Multiplet1 	 (ppm)
1 	6 	m 	- 	M03 	0.91 .. 0.98
2 	2 	m 	- 	M02 	1.28 .. 1.47
3 	1 	m 	- 	M01 	2.02 .. 2.10
4 	1 	d 	3.51 	M00 	3.73 .. 3.75

Table of Assignments
No. 	Atom 	Exp. Shift (ppm) 	Multiplet
1 	9 	0.94 	M03
2 	8 	0.94 	M03
3 	7 	1.38 	M02
4 	6 	2.05 	M01
5 	4 	3.73 	M00M00