Table of Peaks

No. 	(ppm) 	(Hz) 	Height
1 	8.47 	4231.3 	0.0494 	
2 	8.46 	4230.6 	0.0476 	
3 	8.46 	4226.4 	0.0511 	
4 	7.85 	3921.8 	0.0285 	
5 	7.84 	3920.1 	0.0228 	
6 	7.83 	3914.1 	0.0620 	
7 	7.83 	3912.4 	0.0502 	
8 	7.82 	3906.3 	0.0363 	
9 	7.81 	3904.6 	0.0283 	
10 	7.55 	3772.7 	0.1297 	
11 	7.53 	3764.2 	0.1439 	
12 	7.46 	3728.7 	0.1639 	
13 	7.44 	3719.5 	0.0932 	
14 	7.43 	3711.5 	0.0819 	
15 	7.35 	3675.6 	0.0425 	
16 	7.34 	3670.5 	0.0515 	
17 	7.34 	3669.6 	0.0508 	
18 	7.34 	3668.1 	0.0486 	
19 	7.33 	3663.0 	0.0418 	
20 	7.28 	3639.0 	0.1642 	
21 	7.26 	3630.5 	0.1438 	
22 	4.24 	2119.4 	0.0266 	
23 	4.22 	2111.6 	0.0501 	
24 	4.21 	2104.0 	0.0256 	
25 	3.09 	1543.6 	0.0591 	
26 	3.07 	1535.1 	0.0954 	
27 	3.05 	1526.9 	0.0768 	
28 	2.86 	1427.1 	1.0000 	
29 	2.66 	1329.7 	0.0072 	
30 	2.65 	1322.7 	0.0150 	
31 	2.63 	1315.3 	0.0188 	
32 	2.62 	1308.5 	0.0345 	
33 	2.60 	1300.5 	0.0308 	
34 	2.59 	1295.3 	0.0090 	
35 	2.55 	1272.9 	0.0136 	
36 	2.53 	1264.7 	0.0319 	
37 	2.51 	1252.1 	0.0210 	
38 	2.49 	1243.4 	0.0185 	
39 	2.47 	1235.7 	0.0090 	


Table of Multiplets

No. 	Shift1 (ppm) 	Hs 	Type 	J (Hz) 	Atom1 	Multiplet1 	 (ppm)
1 	8.46 	3 	m 	- 	6 	M01 	8.42 .. 8.49
2 	7.83 	3 	ddd 	7.76 1.74 	4 	M02 	7.80 .. 7.86
3 	7.54 	8 	d 	8.46 	16 14 	M03 	7.50 .. 7.57
4 	7.43 	6 	d 	7.96 	3 	M04 	7.40 .. 7.45
5 	7.34 	4 	m 	- 	5 	M05 	7.30 .. 7.37
6 	7.27 	9 	d 	8.46 	13 17 	M06 	7.22 .. 7.30
7 	4.22 	3 	t 	7.69 	7 	M07 	4.18 .. 4.27
8 	3.07 	8 	t 	8.35 	9 	M08 	3.03 .. 3.11
9 	2.86 	27 	s 	- 	18 11 	M09 	2.81 .. 2.90
10 	2.62 	4 	m 	- 	8 	M10 	2.56 .. 2.68
11 	2.51 	5 	m 	- 	8 	M11 	2.43 .. 2.56



Table of Assignments

No. 	Atom 	Exp. Shift (ppm) 	Multiplet
1 	6 	8.46 	M01
2 	4 	7.83 	M02
3 	14 	7.54 	M03
4 	16 	7.54 	M03
5 	3 	7.43 	M04
6 	5 	7.34 	M05
7 	13 	7.27 	M06
8 	17 	7.27 	M06
9 	7 	4.22 	M07
10 	9 	3.07 	M08
11 	11 	2.86 	M09
12 	18 	2.86 	M09
13 	8 	2.62 	M10
14 	8 	2.51 	M11

