Table of Peaks
No. 	(ppm) 	(Hz) 	Height
1 	2.24 	1122.0 	0.0829 	
2 	2.26 	1128.5 	0.1430 	
3 	2.26 	1131.9 	0.1044 	
4 	2.27 	1134.7 	0.1282 	
5 	2.27 	1137.0 	0.2651 	
6 	2.29 	1143.3 	0.3483 	
7 	2.29 	1146.5 	0.2759 	
8 	2.30 	1149.2 	0.2446 	
9 	2.31 	1153.1 	0.3686 	
10 	2.32 	1159.8 	0.3584 	
11 	2.33 	1166.1 	0.4254 	
12 	2.34 	1170.0 	0.2582 	
13 	2.34 	1172.0 	0.2957 	
14 	2.35 	1175.9 	0.4901 	
15 	2.36 	1181.6 	0.3505 	
16 	2.37 	1184.5 	0.1585 	
17 	2.37 	1186.7 	0.1338 	
18 	2.38 	1190.6 	0.2142 	
19 	2.39 	1196.5 	0.1122 	
20 	3.00 	1497.0 	0.2138 	
21 	3.01 	1502.8 	0.2375 	
22 	3.01 	1506.8 	0.2009 	
23 	3.02 	1511.1 	0.5386 	
24 	3.03 	1516.7 	0.4975 	
25 	3.04 	1520.8 	0.5321 	
26 	3.05 	1526.6 	0.4729 	
27 	3.06 	1530.2 	0.5182 	
28 	3.07 	1536.3 	0.5417 	
29 	3.08 	1540.2 	0.4998 	
30 	3.09 	1544.4 	0.2965 	
31 	3.09 	1546.2 	0.5140 	
32 	3.10 	1550.4 	0.2433 	
33 	3.11 	1554.1 	0.2400 	
34 	3.12 	1560.2 	0.2085 	
35 	3.95 	1972.6 	0.5694 	
36 	3.96 	1979.0 	1.0000 	
37 	3.97 	1985.2 	0.5658 	

Table of Assignments
No. 	Atom 	Exp. Shift (ppm) 	Multiplet
1 	6 	2.32 	M02
2 	5 	3.06 	M01
3 	7 	3.96 	M03

Table of Multiplets
No. 	Shift1 (ppm) 	Hs 	Type 	J (Hz) 	Atom1 	Multiplet1 	 (ppm)
1 	3.96 	3 	t 	6.29 	7 	M03 	3.92 .. 3.99
2 	3.06 	5 	m 	- 	5 	M01 	2.96 .. 3.15
3 	2.32 	5 	m 	- 	6 	M02 	2.23 .. 2.41

