Table of Peaks
No.	(ppm)	(Hz)	Height
1	3.435	2062.08	0.4435
2	3.451	2071.66	0.7521
3	3.467	2081.28	0.5302
4	3.572	2144.56	0.4368
5	3.579	2148.46	0.4506
6	3.589	2154.52	0.5241
7	3.595	2158.37	0.5602
8	3.635	2182.08	0.2198
9	3.646	2188.85	0.2620
10	3.650	2191.05	0.3833
11	3.654	2193.58	0.5030
12	3.662	2198.59	0.4346
13	3.665	2200.46	0.5657
14	3.669	2202.88	0.5015
15	3.682	2210.42	0.5070
16	3.685	2212.23	0.5037
17	3.693	2216.91	0.5106
18	3.704	2223.78	0.2180
19	3.712	2228.57	0.2239
20	3.725	2236.44	0.5796
21	3.741	2245.96	0.8195
22	3.757	2255.53	0.4282
23	3.781	2269.84	0.5341
24	3.787	2273.63	0.5102
25	3.802	2282.55	0.5684
26	3.807	2285.46	0.4303
27	3.810	2287.44	0.6238
28	3.826	2296.96	0.4658
29	3.830	2299.22	0.6704
30	3.847	2309.29	0.1862
31	3.851	2311.71	0.2968
32	3.854	2313.80	0.2793
33	3.858	2316.27	0.2611
34	3.863	2318.97	0.5882
35	3.870	2323.54	0.9735
36	3.877	2327.44	1.0000
37	3.891	2336.03	0.7028
38	3.897	2339.38	0.4295
39	3.899	2340.70	0.4265
40	3.905	2344.06	0.2438
41	3.976	2386.64	0.2016
42	3.982	2390.44	0.3808
43	3.988	2394.18	0.3903
44	3.994	2397.81	0.3544
45	4.001	2401.66	0.1749
46	5.113	3069.71	0.7167
47	5.120	3073.62	0.7380

Table of Multiplets
No.	Shift1 (ppm)	Hs	Type	J (Hz)		Atom1		Multiplet1	 (ppm)
1	3.45		1	t	-		5		M08		3.42 .. 3.48
2	3.58		1	dd	9.93 3.88	3		M07		3.56 .. 3.61
3	3.67		3	m	-		18 22		M06		3.63 .. 3.72
4	3.74		1	t	9.55		4		M05		3.72 .. 3.77
5	3.81		3	dd	17.14 12.24	14 18		M04		3.77 .. 3.84
6	3.87		4	m	-		8 6 20 16	M03		3.84 .. 3.92
7	3.99		1	dt	7.44 3.79	9		M02		3.96 .. 4.02
8	5.12		1	d	3.91		2		M01		5.09 .. 5.15

Table of Assignments
No.	Atom	Exp. Shift (ppm)	Multiplet
1	5	3.45		M08
2	3	3.58		M07
3	18	3.67		M06
4	22	3.67		M06
5	4	3.74		M05
6	14	3.81		M04
7	18	3.81		M04
8	8	3.87		M03
9	6	3.87		M03
10	20	3.87		M03
11	16	3.87		M03
12	9	3.99		M02
13	2	5.12		M01