Table of Peaks

No. 	(ppm) 	(Hz) 	Height
1 	5.36 	2680.9 	0.0042 	
2 	5.35 	2672.2 	0.0131 	
3 	5.34 	2668.0 	0.0135 	
4 	5.32 	2659.5 	0.0049 	
5 	4.55 	2272.6 	0.0054 	
6 	4.54 	2269.7 	0.0060 	
7 	4.52 	2260.5 	0.0074 	
8 	4.52 	2257.7 	0.0073 	
9 	4.46 	2229.9 	0.0126 	
10 	4.46 	2229.2 	0.0127 	
11 	4.28 	2139.8 	0.0100 	
12 	4.27 	2132.5 	0.0105 	
13 	4.26 	2127.9 	0.0103 	
14 	4.24 	2120.6 	0.0089 	
15 	4.11 	2056.5 	0.0097 	
16 	4.10 	2049.4 	0.0120 	
17 	4.09 	2045.3 	0.0123 	
18 	4.09 	2044.2 	0.0123 	
19 	4.08 	2039.1 	0.0140 	
20 	4.07 	2034.3 	0.0076 	
21 	4.07 	2032.4 	0.0091 	
22 	4.06 	2028.3 	0.0060 	
23 	3.94 	1968.0 	0.0255 	
24 	3.93 	1963.8 	0.0208 	
25 	3.50 	1750.6 	0.3203 	
26 	2.44 	1219.7 	0.0222 	
27 	2.42 	1211.5 	0.0467 	
28 	2.41 	1203.0 	0.0495 	
29 	2.39 	1195.0 	0.0260 	
30 	1.71 	856.5 	0.0290 	
31 	1.71 	856.0 	0.0290 	
32 	1.71 	852.8 	0.0306 	
33 	1.39 	692.5 	1.0000 	
34 	1.02 	512.0 	0.0542 	
35 	1.01 	505.3 	0.1255 	
36 	1.00 	498.3 	0.0592 	


Table of Multiplets

No. 	Shift1 (ppm) 	Hs 	Type 	J (Hz) 	Atom1 	Multiplet1 	 (ppm)
1 	5.34 	1 	m 	- 	8 	M01 	5.30 .. 5.38
2 	4.53 	1 	dd 	11.99 2.84 	17 	M02 	4.51 .. 4.56
3 	4.46 	1 	m 	- 	3 	M03 	4.43 .. 4.49
4 	4.26 	1 	dd 	11.94 7.27 	17 	M04 	4.23 .. 4.29
5 	4.08 	2 	m 	- 	21 	M05 	4.03 .. 4.15
6 	3.93 	2 	m 	- 	4 	M06 	3.90 .. 3.97
7 	3.50 	10 	s 	- 	6 16 15 	M07 	3.48 .. 3.53
8 	2.42 	5 	m 	- 	37 22 	M08 	2.38 .. 2.46
9 	1.71 	5 	m 	- 	23 38 	M09 	1.67 .. 1.75
10 	1.39 	56 	m 	- 	49 48 47 46 45 44 43 42 41 40 39 35 34 33 32 31 30 29 28 27 26 25 24 	M10 	1.33 .. 1.45
11 	1.01 	6 	t 	6.89 	50 36 	M11 	0.98 .. 1.04


Table of Assignments

No. 	Atom 	Exp. Shift (ppm) 	Multiplet
1 	8 	5.34 	M01
2 	17 	4.53 	M02
3 	3 	4.46 	M03
4 	17 	4.26 	M04
5 	21 	4.08 	M05
6 	4 	3.93 	M06
7 	15 	3.50 	M07
8 	16 	3.50 	M07
9 	6 	3.50 	M07
10 	22 	2.42 	M08
11 	37 	2.42 	M08
12 	38 	1.71 	M09
13 	23 	1.71 	M09
14 	35 	1.39 	M10
15 	34 	1.39 	M10
16 	33 	1.39 	M10
17 	32 	1.39 	M10
18 	31 	1.39 	M10
19 	30 	1.39 	M10
20 	29 	1.39 	M10
21 	28 	1.39 	M10
22 	27 	1.39 	M10
23 	26 	1.39 	M10
24 	25 	1.39 	M10
25 	24 	1.39 	M10
26 	39 	1.39 	M10
27 	40 	1.39 	M10
28 	41 	1.39 	M10
29 	42 	1.39 	M10
30 	43 	1.39 	M10
31 	44 	1.39 	M10
32 	45 	1.39 	M10
33 	46 	1.39 	M10
34 	47 	1.39 	M10
35 	48 	1.39 	M10
36 	49 	1.39 	M10
37 	36 	1.01 	M11
38 	50 	1.01 	M11
