Table of Peaks
No.	(ppm)	Height
1	1.37	0.0383
2	1.37	0.0402
3	1.38	0.0754
4	1.39	0.0784
5	1.40	0.0374
6	1.40	0.0387
7	4.24	0.0058
8	4.24	0.0058
9	4.25	0.0165
10	4.25	0.0165
11	4.26	0.0069
12	4.26	0.0075
13	4.26	0.0169
14	4.27	0.0170
15	4.27	0.0166
16	4.27	0.0174
17	4.27	0.0066
18	4.28	0.0068
19	4.28	0.0157
20	4.28	0.0164
21	4.29	0.0051
22	4.29	0.0053
23	7.33	0.0138
24	7.33	0.0146
25	7.35	0.0154
26	7.35	0.0142
27	8.24	0.0181
28	8.26	0.0165

Table of Multiplets
No.	Shift1 (ppm)	Hs	Type	Atom1	Multiplet1	 (ppm)
1	1.39		6	td	14 17	M04		1.36 .. 1.41
2	4.24		4	m	13 16	M03		4.23 .. 4.30
3	7.33		2	dd	6 2	M02		7.32 .. 7.36
4	8.24		2	d	5 3	M01		8.23 .. 8.27

Table of Assignments
No.	Atom	Exp. Shift (ppm)	Multiplet
1	14	1.39			M04
2	17	1.39			M04
3	13	4.24			M03
4	16	4.24			M03
5	6	7.33			M02
6	2	7.33			M02
7	5	8.24			M01
8	3	8.24			M01

