Table of Peaks
No.	(ppm)	(Hz)	Height
1	0.486	291.49	0.0162
2	1.266	759.93	0.0685
3	1.283	770.50	0.0363
4	1.429	857.70	0.0218
5	1.488	893.57	0.0211
6	1.911	1146.94	0.0236
7	2.238	1343.47	0.0553
8	2.294	1377.20	0.0380
9	2.584	1551.33	0.0167
10	2.617	1571.09	0.0421
11	2.645	1588.14	0.0392
12	2.683	1610.59	0.0177
13	2.792	1675.90	0.0042
14	2.808	1685.58	0.0045
15	2.815	1690.04	0.0046
16	2.831	1699.50	0.0042
17	3.364	2019.77	0.0044
18	3.382	2030.45	0.0043
19	3.675	2206.51	0.0046
20	3.699	2220.70	0.0044
21	3.729	2238.59	0.0037
22	3.736	2242.60	0.0041
23	3.750	2251.07	0.0051
24	3.757	2255.20	0.0048
25	3.804	2283.70	0.0031
26	3.813	2289.31	0.0033
27	3.822	2294.21	0.0032
28	3.830	2299.38	0.0030
29	3.876	2327.06	0.0034
30	3.882	2330.25	0.0049
31	3.897	2339.55	0.0028
32	3.903	2342.90	0.0036
33	4.047	2429.50	0.0046
34	4.054	2433.57	0.0048
35	4.061	2437.76	0.0052
36	4.067	2441.39	0.0037
37	4.107	2465.60	0.0075
38	4.113	2469.12	0.0087
39	4.119	2472.86	0.0045
40	4.184	2511.92	0.0056
41	4.204	2523.53	0.0060
42	4.313	2589.39	0.0030
43	4.320	2593.41	0.0032
44	4.622	2774.48	0.0026
45	4.636	2783.12	0.0049
46	4.642	2786.91	0.0046
47	4.655	2794.45	0.0061
48	4.670	2803.64	0.0041
49	6.157	3696.33	0.0171
50	6.167	3702.49	0.0133
51	6.597	3960.48	0.0121
52	6.723	4036.24	0.0170
53	7.139	4285.76	0.0124

Table of Multiplets
No.	Shift1 (ppm)	Hs	Type	J (Hz)	Atom1	Multiplet1	 (ppm)
1	0.49	1	s	-	60	M27	0.47 .. 0.51
2	1.27	2	s	-	30 70	M26	1.26 .. 1.27
3	1.29	3	s	-	56	M25	1.28 .. 1.29
4	1.43	3	s	-	65	M24	1.41 .. 1.44
5	1.49	3	s	-	71	M23	1.47 .. 1.50
6	1.91	3	s	-	81	M22	1.90 .. 1.92
7	2.24	3	s	-	26	M21	2.23 .. 2.25
8	2.30	1	m	-	27	M20	2.29 .. 2.31
9	2.62	3	s	-	69	M19	2.61 .. 2.63
10	2.65	3	m	-	76	M18	2.63 .. 2.67
11	2.81	1	dd	14.03 9.57	20	M17	2.77 .. 2.86
12	3.02	1	m	-		M16	2.96 .. 3.09
13	3.37	0	d	-		M15	3.35 .. 3.40
14	3.69	1	d	-	20	M14	3.66 .. 3.71
15	3.74	1	dd	-	24	M13	3.72 .. 3.77
16	3.80	0	m	-	53	M12	3.79 .. 3.85
17	3.89	1	dd	-	24	M11	3.85 .. 3.93
18	4.05	1	br. s.	-	5	M10	4.03 .. 4.08
19	4.11	1	t	-	3	M09	4.09 .. 4.14
20	4.20	1	d	-	35	M08	4.15 .. 4.24
21	4.31	1	br. s.	-	19	M07	4.27 .. 4.37
22	4.62	1	br. s.	-	4 39	M06	4.61 .. 4.70
23	6.16	1	s	-	55	M05	6.15 .. 6.16
24	6.17	1	br. s.	-	2	M04	6.16 .. 6.18
25	6.60	0	s	-	11	M03	6.58 .. 6.62
26	6.72	0	s	-	7	M02	6.70 .. 6.75
27	7.14	1	s	-	14	M01	7.12 .. 7.17

Table of Assignments
No.	Atom	Exp. Shift (ppm)	Multiplet
1	60	0.49	M27
2	30	1.27	M26
3	70	1.27	M26
4	56	1.29	M25
5	65	1.43	M24
6	71	1.49	M23
7	81	1.91	M22
8	26	2.24	M21
9	27	2.30	M20
10	69	2.62	M19
11	76	2.65	M18
12	20	2.81	M17
13	20	3.69	M14
14	24	3.74	M13
15	53	3.80	M12
16	24	3.89	M11
17	5	4.05	M10
18	3	4.11	M09
19	35	4.20	M08
20	19	4.31	M07
21	4	4.62	M06
22	39	4.62	M06
23	55	6.16	M05
24	2	6.17	M04
25	11	6.60	M03
26	7	6.72	M02
27	14	7.14	M01