          F2ppm           F1ppm       Intensity

     1   7.0488          125.8218      5492926.25
     2   6.5155          112.5421      5162878.81
     3   6.4517          114.8599      6561600.58
     4  2.7479           28.8987      5782173.81
     5  2.5016           39.5197      6435637.92
     6  2.4282           35.1951      1567249.50
     7  2.3098           25.3797      2539211.84
     8  2.1402           43.1740      3079530.92
     9  2.0757           35.1913      1737200.05
    10  1.9531           20.9136      2363278.66
    11  1.9127           25.8886      2525306.88
    12  1.7457           31.1990      3211935.16
    13  1.5552           20.9200      1611894.91
    14  1.4794           37.8541      2761504.06
    15  1.4766           49.4487      2223149.50
    16  1.3567           31.1996      2162684.17
    17  1.3567           25.5654      2383822.80
    18  0.8247           13.2799      1933996.14
