Table of Peaks

No. 	(ppm) 	(Hz) 	Height
1 	2.25 	1126.5 	0.0177 	
2 	2.24 	1121.4 	0.0384 	
3 	2.23 	1116.7 	0.0527 	
4 	2.22 	1111.7 	0.0776 	
5 	2.21 	1106.8 	0.0534 	
6 	2.20 	1102.1 	0.0399 	
7 	2.19 	1097.0 	0.0194 	
8 	1.46 	728.7 	0.0227 	
9 	1.44 	721.2 	0.0558 	
10 	1.44 	719.2 	0.0240 	
11 	1.43 	715.6 	0.0477 	
12 	1.43 	713.8 	0.0399 	
13 	1.42 	711.6 	0.0538 	
14 	1.42 	708.7 	0.0604 	
15 	1.42 	707.5 	0.0722 	
16 	1.41 	706.1 	0.0528 	
17 	1.41 	704.1 	0.0373 	
18 	1.40 	700.7 	0.0685 	
19 	1.40 	699.3 	0.0615 	
20 	1.40 	697.9 	0.0628 	
21 	1.38 	691.1 	0.0595 	
22 	1.38 	687.3 	0.0388 	
23 	1.36 	682.1 	0.0410 	
24 	1.36 	679.4 	0.0904 	
25 	1.35 	674.2 	0.1042 	
26 	1.34 	671.6 	0.0668 	
27 	1.34 	668.9 	0.0241 	
28 	1.33 	666.5 	0.0815 	
29 	1.33 	662.3 	0.0223 	
30 	1.32 	660.2 	0.0346 	
31 	1.32 	658.6 	0.0441 	
32 	1.31 	653.6 	0.0408 	
33 	1.28 	641.9 	0.0456 	
34 	1.27 	634.8 	0.1593 	
35 	1.26 	627.5 	0.2696 	
36 	1.24 	620.0 	0.2640 	
37 	1.23 	612.5 	0.1357 	
38 	1.21 	604.8 	0.0312 	
39 	0.88 	438.5 	0.5243 	
40 	0.86 	431.2 	1.0000 	
41 	0.85 	423.9 	0.4495 	


Table of Multiplets

No. 	Shift1 (ppm) 	Hs 	Type 	J (Hz) 	Atom1 	Multiplet1 	 (ppm)
1 	2.22 	1 	tt 	9.74 5.09 4.90 	4 	M01 	2.19 .. 2.27
2 	1.38 	4 	m 	- 	5 8 	M02 	1.30 .. 1.47
3 	1.25 	4 	tq 	7.42 	9 6 	M03 	1.20 .. 1.29
4 	0.86 	6 	t 	7.31 	10 7 	M04 	0.83 .. 0.89


Table of Assignments

No. 	Atom 	Exp. Shift (ppm) 	Multiplet
1 	4 	2.22 	M01
2 	8 	1.38 	M02
3 	5 	1.38 	M02
4 	6 	1.25 	M03
5 	9 	1.25 	M03
6 	7 	0.86 	M04
7 	10 	0.86 	M04
