Table of Peaks
No.	(ppm)	Height
1	1.45	0.0265
2	1.46	0.0349
3	1.47	0.0378
4	1.47	0.0460
5	1.48	0.0334
6	1.48	0.0465
7	1.48	0.0511
8	1.49	0.0352
9	1.49	0.0518
10	1.50	0.0367
11	1.50	0.0554
12	1.51	0.0377
13	1.52	0.0376
14	1.73	0.4166
15	1.73	1.0000
16	1.74	0.7143
17	1.74	0.1802
18	1.83	0.0185
19	1.83	0.0404
20	1.83	0.0549
21	1.84	0.0679
22	1.84	0.0432
23	1.84	0.0398
24	1.85	0.0423
25	1.85	0.0394
26	1.85	0.0442
27	1.86	0.0439
28	1.86	0.0465
29	1.86	0.0417
30	1.86	0.0291
31	1.87	0.0229
32	1.92	0.0077
33	1.93	0.0164
34	1.93	0.0209
35	1.93	0.0200
36	1.94	0.0149
37	1.94	0.0112
38	1.94	0.0161
39	1.95	0.0244
40	1.95	0.0312
41	1.95	0.0400
42	1.96	0.0407
43	1.96	0.0337
44	1.96	0.0290
45	1.97	0.0235
46	1.97	0.0172
47	1.97	0.0207
48	1.98	0.0242
49	1.98	0.0271
50	1.98	0.0295
51	1.99	0.0212
52	1.99	0.0081
53	2.03	0.0213
54	2.07	0.0291
55	2.08	0.0278
56	2.08	0.0344
57	2.08	0.0379
58	2.09	0.0347
59	2.09	0.0560
60	2.09	0.0588
61	2.10	0.0817
62	2.10	0.0906
63	2.10	0.0901
64	2.10	0.0827
65	2.10	0.0831
66	2.11	0.0791
67	2.11	0.0882
68	2.11	0.0672
69	2.11	0.0644
70	2.12	0.0434
71	2.12	0.0660
72	2.12	0.0587
73	2.12	0.0617
74	2.13	0.0733
75	2.13	0.0564
76	2.13	0.0604
77	2.14	0.0486
78	2.14	0.0772
79	2.15	0.0876
80	2.15	0.0746
81	2.16	0.0318
82	2.16	0.0261
83	2.17	0.0131
84	3.88	0.0234
85	3.90	0.1455
86	3.91	0.1465
87	3.91	0.1641
88	3.93	0.0232
89	4.71	0.0480
90	4.71	0.0699
91	4.71	0.0598
92	4.71	0.0082
93	5.66	0.0361
94	5.66	0.0535
95	5.67	0.0675
96	5.67	0.0762
97	5.67	0.0787
98	5.67	0.0722
99	5.67	0.0679
100	5.68	0.0554
101	5.68	0.0421
102	5.68	0.0196

Table of Multiplets
No.	Shift1 (ppm)	Hs	Type	J (Hz)			Atom1		Multiplet1	 (ppm)
1	1.48		1	m	-			1		M08		1.44 .. 1.53
2	1.73		3	q	1.08			11		M07		1.72 .. 1.75
3	1.84		1	m	-			1		M06		1.81 .. 1.88
4	1.92		1	m	-			3		M05		1.91 .. 2.00
5	2.12		4	m	-			6 3 2		M04		2.02 .. 2.19
6	3.91		2	m	-			9		M03		3.87 .. 3.95
7	4.71		2	m	-			8		M02		4.70 .. 4.72
8	5.67		1	m	3.58 2.39 1.17		4		M01		5.65 .. 5.69

Table of Assignments
No.	Atom	Exp. Shift (ppm)	Multiplet
1	1	1.48		M08
2	11	1.73		M07
3	1	1.84		M06
4	3	1.92		M05
5	6	2.12		M04
6	3	2.12		M04
7	2	2.12		M04
8	9	3.91		M03
9	8	4.71		M02
10	4	5.67		M01

