Table of Peaks
No.	(ppm)	Height
1	1.84	0.1867
2	1.86	0.2018
3	1.86	0.2336
4	1.88	0.2343
5	1.93	0.0849
6	1.94	0.1033
7	1.94	0.1010
8	1.94	0.0922
9	1.96	0.1459
10	1.96	0.1801
11	1.96	0.1687
12	1.97	0.1505
13	2.02	0.2678
14	2.03	0.2777
15	2.04	0.1360
16	2.04	0.1330
17	2.04	0.1513
18	2.05	0.2713
19	2.05	0.1617
20	2.06	0.1148
21	2.06	0.1047
22	2.07	0.1095
23	2.07	0.0919
24	3.53	0.2126
25	3.53	0.2143
26	3.54	0.2251
27	3.55	0.2259
28	3.99	0.1091
29	4.00	0.1198
30	4.00	0.1163
31	4.01	0.1334
32	4.01	0.1267
33	4.01	0.1177
34	4.02	0.1059
35	4.03	0.0966
36	4.12	0.1138
37	4.13	0.2876
38	4.13	0.2793
39	4.14	0.1044

Table of Multiplets
No.	Shift1 (ppm)	Hs	Type	J (Hz)			Atom1	Multiplet1	 (ppm)
1	1.86		1	dd	13.45 10.87		3	M06		1.83 .. 1.89
2	1.94		0	ddd	3.91 2.81		5	M05		1.93 .. 1.98
3	2.05		2	m	-			5 3	M04		2.02 .. 2.08
4	3.54		1	dd	9.27 3.27		1	M03		3.52 .. 3.56
5	4.01		1	ddd	10.81 9.33 4.79	2	M02		3.98 .. 4.03
6	4.13		1	q	3.47			6	M01		4.10 .. 4.16

Table of Assignments
No.	Atom	Exp. Shift (ppm)	Multiplet
1	3	1.86			M06
2	5	1.94			M05
3	5	2.05			M04
4	3	2.05			M04
5	1	3.54			M03
6	2	4.01			M02
7	6	4.13			M01

