Table of Peaks
No.	(ppm)	Height
1	0.90	0.0440
2	0.92	0.1014
3	0.93	0.0400
4	1.29	0.0019
5	1.30	0.0026
6	1.30	0.0038
7	1.31	0.0060
8	1.31	0.0056
9	1.31	0.0094
10	1.32	0.0170
11	1.32	0.0275
12	1.33	0.0324
13	1.34	0.0458
14	1.34	0.0230
15	1.35	0.0087
16	1.35	0.0111
17	1.36	0.0050
18	1.37	0.0036
19	1.37	0.0013
20	1.38	0.0012
21	1.61	0.0064
22	1.62	0.0188
23	1.64	0.0255
24	1.65	0.0196
25	1.66	0.0067
26	2.37	0.0476
27	2.39	0.0760
28	2.40	0.0453
29	2.71	0.0100
30	2.72	0.0088
31	2.73	0.0369
32	2.75	0.0384
33	2.75	0.0335
34	2.76	0.0343
35	2.78	0.0090
36	2.79	0.0077
37	3.20	0.6121
38	3.69	0.0176
39	3.69	0.0181
40	3.71	0.0239
41	3.71	0.0236
42	3.84	0.0203
43	3.85	0.0204
44	3.86	0.0150
45	3.88	0.0152
46	5.60	0.0042
47	5.61	0.0087
48	5.62	0.0088
49	5.64	0.0039

Table of Multiplets
No.	Shift1 (ppm)	Hs	Type	Atom1		Multiplet1	 (ppm)
1	0.91		3	t	12		M09		0.89 .. 0.94
2	1.34		4	m	10 11		M08		1.28 .. 1.39
3	1.61		2	quin	9		M07		1.60 .. 1.67
4	2.38		2	t	8		M06		2.35 .. 2.41
5	2.71		2	ddd	13		M05		2.69 .. 2.80
6	3.20		9	s	16 17 7	M04		3.18 .. 3.22
7	3.69		1	dd	5		M03		3.67 .. 3.73
8	3.84		1	dd	5		M02		3.82 .. 3.90
9	5.60		1	m	4		M01		5.58 .. 5.65

Table of Assignments
No.	Atom	Exp. Shift (ppm)	Multiplet
1	12	0.91		M09
2	10	1.34		M08
3	11	1.34		M08
4	9	1.61		M07
5	8	2.38		M06
6	13	2.71		M05
7	16	3.20		M04
8	17	3.20		M04
9	7	3.20		M04
10	5	3.69		M03
11	5	3.84		M02
12	4	5.60		M01

