Table of Peaks
No.	(ppm)	Height
1	1.72	0.1144
2	1.73	0.2690
3	1.73	0.2746
4	1.73	0.3093
5	1.73	0.1776
6	1.75	0.4448
7	2.34	0.0035
8	2.35	0.0108
9	2.35	0.0165
10	2.35	0.0119
11	2.36	0.0067
12	2.36	0.0118
13	2.37	0.0178
14	2.37	0.0142
15	2.38	0.0172
16	2.38	0.0244
17	2.39	0.0176
18	2.39	0.0097
19	2.39	0.0180
20	2.40	0.0270
21	2.40	0.0194
22	2.41	0.0067
23	2.50	0.0306
24	2.51	0.0134
25	2.51	0.0213
26	2.51	0.0184
27	2.52	0.0497
28	2.52	0.0491
29	2.52	0.0386
30	2.52	0.0877
31	2.53	0.0911
32	2.53	0.0322
33	2.53	0.0212
34	2.54	0.0099
35	2.54	0.1063
36	2.55	0.0269
37	2.55	0.0269
38	2.55	0.0184
39	2.56	0.0690
40	2.56	0.0738
41	2.57	0.0744
42	2.57	0.0695
43	2.58	0.0230
44	2.59	0.0253
45	2.59	0.0205
46	2.59	0.0214
47	2.76	0.0109
48	2.77	0.0206
49	2.78	0.0190
50	2.79	0.0274
51	2.80	0.0174
52	2.80	0.0165
53	2.81	0.0079
54	4.86	0.0430
55	4.87	0.0335
56	7.01	0.0085
57	7.01	0.0280
58	7.01	0.0392
59	7.02	0.0421
60	7.02	0.0431
61	7.02	0.0438
62	7.02	0.0428
63	7.03	0.0412
64	7.03	0.0339
65	7.03	0.0157

Table of Multiplets
No.	Shift1 (ppm)	Hs	Type	Atom1	Multiplet1	 (ppm)
1	1.73		3	m	7	M07		1.72 .. 1.74
2	1.75		3	s	11	M06		1.75 .. 1.77
3	2.34		1	br. s.	1	M05		2.34 .. 2.42
4	2.55		3	m	1 5	M04		2.49 .. 2.61
5	2.76		1	m	6	M03		2.75 .. 2.83
6	4.86		2	m	10	M02		4.85 .. 4.88
7	7.01		1	br. s.	2	M01	7.00 .. 7.04

Table of Assignments
No.	Atom	Exp. Shift (ppm)	Multiplet
1	7	1.73		M07
2	11	1.75		M06
3	1	2.34		M05
4	1	2.55		M04
5	5	2.55		M04
6	6	2.76		M03
7	10	4.86		M02
8	2	7.01		M01

