Table of Peaks
No.	(ppm)	Height
1	2.24	0.0046
2	2.25	0.0068
3	2.26	0.0074
4	2.27	0.0259
5	2.28	0.0414
6	2.28	0.0466
7	2.28	0.0566
8	2.29	0.0873
9	2.30	0.1012
10	2.30	0.0782
11	2.30	0.0837
12	2.31	0.0742
13	2.32	0.0441
14	2.33	0.0377
15	2.33	0.0088
16	2.34	0.0075
17	2.34	0.0102
18	2.35	0.0091
19	2.36	0.0352
20	2.37	0.0245
21	2.37	0.0505
22	2.38	0.0399
23	2.38	0.0369
24	2.39	0.0464
25	2.39	0.0567
26	2.40	0.0216
27	2.41	0.0440
28	2.41	0.0338
29	2.42	0.0239
30	2.57	0.0301
31	2.58	0.0352
32	2.58	0.0549
33	2.59	0.0671
34	2.60	0.0316
35	2.60	0.0607
36	2.61	0.0412
37	2.62	0.0252
38	2.62	0.0220
39	2.64	0.0096
40	2.65	0.0220
41	2.76	1.0000
42	3.32	0.0368
43	3.33	0.0668
44	3.34	0.0494
45	3.35	0.0441
46	3.35	0.0678
47	3.37	0.0378
48	3.80	0.0364
49	3.81	0.0449
50	3.81	0.0469
51	3.82	0.0546
52	3.82	0.0546
53	3.83	0.0456
54	3.83	0.0456
55	3.84	0.0343
56	4.44	0.0647
57	4.45	0.0737
58	4.46	0.0759
59	4.47	0.0653
60	7.58	0.0690
61	7.59	0.0728
62	7.60	0.0779
63	7.61	0.0763
64	8.05	0.0554
65	8.05	0.0882
66	8.05	0.0651
67	8.06	0.0544
68	8.06	0.0834
69	8.06	0.0607
70	8.63	0.0939
71	8.63	0.0987
72	8.64	0.0953
73	8.64	0.0941
74	8.66	0.1497
75	8.66	0.1591

Table of Multiplets
No.	Shift1 (ppm)	Hs	Type	J (Hz)		Atom1		Multiplet1	 (ppm)
1	2.30		2	m	-		3		M11		2.24 .. 2.35
2	2.38		1	m	-		4		M10		2.35 .. 2.44
3	2.58		1	m	-		4		M09		2.54 .. 2.66
4	2.76		3	s	-		6		M08		2.74 .. 2.77
5	3.33		1	m	-		2		M07		3.30 .. 3.38
6	3.81		1	m	-		2		M06		3.79 .. 3.86
7	4.46		1	dd	10.32 7.73	5		M05		4.43 .. 4.49
8	7.60		1	dd	7.95 4.92	11		M04		7.57 .. 7.62
9	8.05		1	dt	8.06 1.77	12		M03		8.04 .. 8.08
10	8.63		1	dd	4.92 1.35	10		M02		8.62 .. 8.65
11	8.66	1	d	2.15			8		M01	8.65 .. 8.68

Table of Assignments
No.	Atom	Exp. Shift (ppm)	Multiplet
1	3	2.30		M11
2	4	2.38		M10
3	4	2.58		M09
4	6	2.76		M08
5	2	3.33		M07
6	2	3.81		M06
7	5	4.46		M05
8	11	7.60		M04
9	12	8.05		M03
10	10	8.63		M02
11	8	8.66		M01

