Table of Peaks

No. 	(ppm) 	(Hz) 	Height
1 	5.18 	2591.5 	0.7004 	
2 	5.18 	2587.7 	0.6936 	
3 	3.87 	1931.9 	0.6251 	
4 	3.85 	1922.1 	1.0000 	
5 	3.84 	1920.1 	0.5648 	
6 	3.83 	1912.9 	0.6604 	
7 	3.82 	1907.5 	0.2692 	
8 	3.81 	1905.6 	0.2492 	
9 	3.81 	1902.8 	0.2294 	
10 	3.80 	1897.4 	0.2964 	
11 	3.79 	1895.9 	0.2850 	
12 	3.77 	1886.1 	0.4621 	
13 	3.76 	1880.9 	0.2722 	
14 	3.75 	1874.2 	0.2821 	
15 	3.74 	1869.0 	0.1991 	
16 	3.65 	1825.9 	0.4642 	
17 	3.65 	1822.1 	0.4501 	
18 	3.63 	1816.0 	0.3843 	
19 	3.63 	1812.2 	0.3743 	
20 	3.46 	1729.9 	0.4154 	
21 	3.44 	1720.5 	0.6413 	
22 	3.42 	1711.0 	0.3387 	


Table of Multiplets

No. 	Shift1 (ppm) 	Hs 	Type 	J (Hz) 	Atom1 	Multiplet1 	 (ppm)
1 	5.18 	13 	d 	3.80 	8 2 	M01 	5.13 .. 5.22
2 	3.82 	42 	m 	- 	6 4 17 10 12 19 	M02 	3.79 .. 3.88
3 	3.76 	12 	m 	- 	19 17 	M03 	3.73 .. 3.78
4 	3.64 	14 	dd 	9.93 3.84 	3 13 	M04 	3.61 .. 3.66
5 	3.44 	14 	t 	9.47 	5 11 	M05 	3.41 .. 3.48


Table of Assignments

No. 	Atom 	Exp. Shift (ppm) 	Multiplet
1 	2 	5.18 	M01
2 	8 	5.18 	M01
3 	19 	3.82 	M02
4 	12 	3.82 	M02
5 	10 	3.82 	M02
6 	17 	3.82 	M02
7 	6 	3.82 	M02
8 	4 	3.82 	M02
9 	17 	3.76 	M03
10 	19 	3.76 	M03
11 	13 	3.64 	M04
12 	3 	3.64 	M04
13 	11 	3.44 	M05
14 	5 	3.44 	M05
