Table of Peaks
No.	(ppm)	Height
1	1.12	1.0000
2	1.14	0.9821
3	1.19	0.5888
4	1.20	0.1426
5	1.21	0.1034
6	1.22	0.1117
7	1.23	0.1121
8	1.24	0.1163
9	1.25	0.0519
10	1.26	0.0469
11	1.45	0.0485
12	1.46	0.0533
13	1.46	0.0558
14	1.47	0.0561
15	1.47	0.0844
16	1.48	0.0963
17	1.48	0.1058
18	1.48	0.1019
19	1.49	0.0654
20	1.50	0.0745
21	1.50	0.0767
22	1.51	0.0823
23	1.59	0.0724
24	1.59	0.1184
25	1.60	0.1166
26	1.61	0.1167
27	1.62	0.6958
28	1.65	0.7442
29	1.68	0.0584
30	1.68	0.0611
31	1.71	0.2316
32	1.75	0.0516
33	1.77	0.0690
34	1.77	0.0680
35	1.77	0.0695
36	1.78	0.0515
37	1.79	0.0506
38	1.79	0.0575
39	1.80	0.0537
40	1.88	0.0764
41	1.89	0.0845
42	1.89	0.0922
43	1.90	0.0931
44	1.90	0.0674
45	1.91	0.0797
46	1.91	0.0932
47	1.91	0.1329
48	1.92	0.1234
49	1.94	0.1187
50	1.95	0.1104
51	1.98	0.0673
52	1.98	0.0604
53	1.99	0.0613
54	1.99	0.0622
55	1.99	0.0623
56	2.00	0.0733
57	2.00	0.0738
58	2.01	0.0864
59	2.02	0.1054
60	2.03	0.0700
61	2.04	0.0535
62	2.05	0.0687
63	5.36	0.1332
64	5.36	0.1380

Table of Multiplets
No.	Shift1 (ppm)	Hs	Type	J (Hz)	Atom1		Multiplet1	 (ppm)
1	1.13		6	d	7.92	11 10		M06		1.03 .. 1.16
2	1.17		1	s	-	1		M05		1.16 .. 1.28
3	1.48		1	ddd	-	2		M04		1.43 .. 1.54
4	1.70		4	m	-	9 3		M03		1.55 .. 1.84
5	1.96		4	m	-	1 6 3		M02		1.85 .. 2.10
6	5.36		1	br. s.	-	4		M01		5.30 .. 5.43

Table of Assignments
No.	Atom	Exp. Shift (ppm)	Multiplet
1	11	1.13		M06
2	10	1.13		M06
3	1	1.17		M05
4	2	1.48		M04
5	9	1.70		M03
6	3	1.70		M03
7	1	1.96		M02
8	6	1.96		M02
9	3	1.96		M02
10	4	5.36		M01

