Table of Peaks
No.	(ppm)	Height
1	2.04	1.0000
2	2.08	0.8365
3	3.39	0.0287
4	3.40	0.0338
5	3.40	0.0343
6	3.40	0.0319
7	3.41	0.0374
8	3.41	0.0459
9	3.42	0.0437
10	3.42	0.0409
11	3.50	0.0669
12	3.52	0.1193
13	3.53	0.0538
14	3.60	0.0521
15	3.62	0.0878
16	3.63	0.0498
17	3.79	0.0528
18	3.80	0.0515
19	3.81	0.0963
20	3.81	0.0958
21	3.82	0.1208
22	3.82	0.0922
23	3.82	0.0855
24	3.83	0.1379
25	3.84	0.3128
26	3.84	0.1913
27	3.85	0.0363
28	3.86	0.1337
29	3.87	0.0843
30	3.87	0.0863
31	3.89	0.0491
32	3.89	0.0462
33	4.03	0.0907
34	4.04	0.0940
35	4.05	0.0811
36	4.05	0.0864
37	4.31	0.0673
38	4.31	0.0709
39	4.31	0.0662
40	4.32	0.0677
41	4.43	0.0525
42	4.44	0.0588
43	4.44	0.0538
44	4.44	0.0510
45	5.02	0.1671
46	5.02	0.1673
47	5.11	0.1558
48	5.12	0.1574

Table of Multiplets
No.	Shift1 (ppm)	Hs	Type	J (Hz)		Atom1		Multiplet1	 (ppm)
1	2.04		3	s	-		30			M11	2.03 .. 2.05
2	2.08		3	s	-		15			M10	2.08 .. 2.09
3	3.39		1	ddd	-		21			M09	3.38 .. 3.43
4	3.52		1	t	9.88		20			M08	3.49 .. 3.54
5	3.62		1	t	9.44		5			M07	3.59 .. 3.64
6	3.83		6	m	-		19 6 13 28		M06	3.79 .. 3.90
7	4.04		1	dd	9.85 4.68	4			M05	4.02 .. 4.06
8	4.31		1	dd	4.68 1.49	3			M04	4.29 .. 4.32
9	4.44		1	dd	4.37 1.46	18			M03	4.42 .. 4.45
10	5.02		1	d	1.60		17			M02	5.01 .. 5.03
11	5.12		1	d	1.43		2			M01	5.11 .. 5.13

Table of Assignments
No.	Atom	Exp. Shift (ppm)	Multiplet
1	30	2.04			M11
2	15	2.08			M10
3	21	3.39			M09
4	20	3.52			M08
5	5	3.62			M07
6	19	3.83			M06
7	6	3.83			M06
8	13	3.83			M06
9	28	3.83			M06
10	4	4.04			M05
11	3	4.31			M04
12	18	4.44			M03
13	17	5.02			M02
14	2	5.12			M01

