Table of Peaks
No.	(ppm)	Height
1	4.06	0.0128
2	4.06	0.0221
3	4.07	0.0244
4	4.07	0.0432
5	4.08	0.0373
6	4.09	0.0400
7	4.10	0.0380
8	4.11	0.0380
9	4.11	0.0549
10	4.13	0.0431
11	4.14	0.0283
12	4.15	0.0163
13	4.16	0.0184
14	4.16	0.0111
15	4.18	0.0209
16	4.19	0.0254
17	4.19	0.0255
18	4.20	0.0186
19	4.22	0.0473
20	4.22	0.0584
21	4.23	0.0439
22	4.57	0.0299
23	4.58	0.0514
24	4.58	0.0278
25	5.94	0.1053
26	5.95	0.1432
27	5.95	0.0448
28	8.29	0.1498
29	8.54	0.1528

Table of Multiplets
No.	Shift1 (ppm)	Hs	Type	Atom1		Multiplet1	 (ppm)
1	4.15		4	m			M06		4.14 .. 4.15
2	4.16		5	m	17 5 4		M05		4.04 .. 4.25
3	4.57		1	m	3		M04		4.55 .. 4.60
4	5.94		1	m	2		M03		5.91 .. 5.97
5	8.29		1	s	12		M02		8.28 .. 8.31
6	8.54		1	s	7		M01		8.51 .. 8.56

Table of Assignments
vNo.	Atom	Exp. Shift (ppm)	Multiplet
1	17	4.16			M05
2	5	4.16			M05
3	4	4.16			M05
4	3	4.57			M04
5	2	5.94			M03
6	12	8.29			M02
7	7	8.54			M01

