Table of Peaks
No.	(ppm)	Height
1	1.77	0.1089
2	1.77	0.1242
3	1.78	0.0877
4	1.79	0.2400
5	1.79	0.2046
6	1.81	0.2511
7	1.81	0.3389
8	1.82	0.2306
9	1.83	0.2022
10	1.84	0.2495
11	1.85	0.0896
12	3.57	0.2459
13	3.58	0.3934
14	3.62	0.2314
15	3.62	0.2293
16	3.62	0.2580
17	3.63	0.2688
18	3.63	0.2909
19	3.64	0.1675
20	3.64	0.1878
21	3.74	0.3506
22	3.74	0.3914
23	3.75	0.1027
24	3.76	0.3074
25	3.76	0.3081
26	3.79	0.1653
27	3.79	0.1802
28	3.80	0.1656
29	3.80	0.2178
30	3.80	0.1978
31	3.81	0.1707
32	3.81	0.1596
33	3.82	0.1420
34	4.16	0.3187
35	4.16	0.2761
36	4.17	0.2842
37	4.18	0.2526

Table of Multiplets
No.	Shift1 (ppm)	Hs	Type	J (Hz)			Atom1	Multiplet1	 (ppm)
1	1.81		2	m	-			7	M06		1.72 .. 1.87
2	3.58		0	d	-			2	M05		3.56 .. 3.59
3	3.62		1	m	-			3	M04		3.61 .. 3.65
4	3.75		1	dd	11.33 2.92		2	M03		3.73 .. 3.77
5	3.80		1	ddd	9.93 5.69 2.92	5	M02		3.78 .. 3.83
6	4.17		1	dd	9.71 3.33		8	M01		4.15 .. 4.20

Table of Assignments
No.	Atom	Exp. Shift (ppm)	Multiplet
1	7	1.81			M06
2	2	3.58			M05
3	3	3.62			M04
4	2	3.75			M03
5	5	3.80			M02
6	8	4.17			M01

