Table of Peaks

No. 	(ppm) 	(Hz) 	Height
1 	5.45 	2724.2 	0.9273 	
2 	5.44 	2720.7 	1.0000 	
3 	4.95 	2471.8 	0.2999 	
4 	4.93 	2463.3 	0.3081 	
5 	4.11 	2055.1 	0.1198 	
6 	4.10 	2050.9 	0.1730 	
7 	4.10 	2048.4 	0.2226 	
8 	4.09 	2043.5 	0.3813 	
9 	4.08 	2039.1 	0.3380 	
10 	4.07 	2036.7 	0.4798 	
11 	4.07 	2032.3 	0.3954 	
12 	4.05 	2026.3 	0.1702 	
13 	4.05 	2022.5 	0.1607 	
14 	4.04 	2019.4 	0.1550 	
15 	4.03 	2015.5 	0.1771 	
16 	4.03 	2012.0 	0.3047 	
17 	4.02 	2010.2 	0.3632 	
18 	4.02 	2007.0 	0.3472 	
19 	4.01 	2005.0 	0.3773 	
20 	4.00 	2000.4 	0.1978 	
21 	4.00 	1998.4 	0.2115 	
22 	3.99 	1995.2 	0.1778 	
23 	3.99 	1993.3 	0.2031 	
24 	3.98 	1987.8 	0.2644 	
25 	3.97 	1985.8 	0.2673 	
26 	3.97 	1985.3 	0.2670 	
27 	3.97 	1984.7 	0.2660 	
28 	3.96 	1977.6 	0.2989 	
29 	3.96 	1977.1 	0.2985 	
30 	3.95 	1975.9 	0.3057 	
31 	3.91 	1955.9 	0.3774 	
32 	3.89 	1945.8 	0.6191 	
33 	3.87 	1936.2 	0.4773 	
34 	3.71 	1854.2 	0.0937 	
35 	3.70 	1849.9 	0.1215 	
36 	3.69 	1845.3 	0.1816 	
37 	3.69 	1844.0 	0.1628 	
38 	3.68 	1838.8 	0.1539 	
39 	3.67 	1834.8 	0.1734 	
40 	3.63 	1815.3 	0.4650 	
41 	3.62 	1810.4 	0.1170 	
42 	3.61 	1805.7 	0.7968 	
43 	3.60 	1801.0 	0.6880 	
44 	3.59 	1796.0 	0.9334 	
45 	3.33 	1663.3 	0.4553 	
46 	3.32 	1659.7 	0.4892 	
47 	3.31 	1652.8 	0.4563 	
48 	3.30 	1649.2 	0.4654 	
49 	3.04 	1518.5 	0.2531 	
50 	3.02 	1510.0 	0.2924 	
51 	3.02 	1508.1 	0.3039 	
52 	3.00 	1499.6 	0.2447 	


Table of Multiplets

No. 	Shift1 (ppm) 	Hs 	Type 	J (Hz) 	Atom1 	Multiplet1 	 (ppm)
1 	5.45 	10 	d 	3.57 	18 	M01 	5.42 .. 5.46
2 	4.94 	3 	d 	8.42 	2 	M02 	4.91 .. 4.96
3 	4.06 	21 	m 	- 	27 11 	M03 	4.01 .. 4.13
4 	3.98 	13 	m 	- 	22 27 11 	M04 	3.93 .. 4.01
5 	3.89 	9 	t 	9.88 	20 	M05 	3.86 .. 3.92
6 	3.69 	5 	m 	- 	4 	M06 	3.66 .. 3.72
7 	3.61 	19 	m 	- 	6 5 21 	M07 	3.57 .. 3.64
8 	3.31 	9 	dd 	10.52 3.57 	19 	M08 	3.28 .. 3.34
9 	3.02 	5 	dd 	10.41 8.49 	3 	M09 	2.98 .. 3.05


Table of Assignments

No. 	Atom 	Exp. Shift (ppm) 	Multiplet
1 	18 	5.45 	M01
2 	2 	4.94 	M02
3 	11 	4.06 	M03
4 	27 	4.06 	M03
5 	11 	3.98 	M04
6 	27 	3.98 	M04
7 	22 	3.98 	M04
8 	20 	3.89 	M05
9 	4 	3.69 	M06
10 	21 	3.61 	M07
11 	5 	3.61 	M07
12 	6 	3.61 	M07
13 	19 	3.31 	M08
14 	3 	3.02 	M09
