Table of Peaks
No.	(ppm)	Height
1	0.47	0.7962
2	1.19	0.0119
3	1.19	0.0135
4	1.21	0.0410
5	1.21	0.0419
6	1.23	0.0431
7	1.24	0.0410
8	1.25	0.0158
9	1.26	0.0130
10	1.30	0.0237
11	1.32	1.0000
12	1.33	0.0618
13	1.34	0.0457
14	1.35	0.0478
15	1.36	0.0207
16	1.37	0.0163
17	1.60	0.0276
18	1.61	0.0308
19	1.61	0.0450
20	1.62	0.0608
21	1.64	0.0616
22	1.65	0.0413
23	1.66	0.0594
24	1.66	0.0610
25	1.68	0.0350
26	1.69	0.0306
27	1.76	0.0191
28	1.76	0.0226
29	1.78	0.0471
30	1.78	0.0352
31	1.79	0.0424
32	1.81	0.0164
33	1.81	0.0149
34	1.87	0.0694
35	1.88	0.0482
36	1.89	0.1151
37	1.90	0.0768
38	1.91	0.0537
39	1.92	0.0243
40	1.93	0.0258
41	1.93	0.1469
42	1.96	0.1515
43	2.09	0.0083
44	2.09	0.0336
45	2.10	0.0632
46	2.11	0.0404
47	2.13	0.1988
48	2.15	0.1171
49	2.25	0.0515
50	2.27	0.0641
51	2.27	0.0644
52	2.33	0.0319
53	2.34	0.0419
54	2.35	0.0634
55	2.36	0.0616
56	2.37	0.0413
57	2.38	0.0353
58	2.39	0.0472
59	2.39	0.0737
60	2.40	0.0384
61	2.40	0.0374
62	2.41	0.0560
63	2.42	0.1034
64	2.42	0.0901
65	2.44	0.0454
66	2.45	0.0482
67	2.52	0.0451
68	2.52	0.0604
69	2.53	0.0432
70	2.54	0.0527
71	2.54	0.0877
72	2.55	0.0855
73	2.56	0.0484
74	2.57	0.0741
75	2.57	0.0479
76	2.59	0.0346
77	2.59	0.0329
78	2.86	0.1066
79	2.88	0.1014
80	4.06	0.0830
81	4.07	0.0831
82	4.09	0.0949
83	4.10	0.0908
84	4.42	0.0854
85	4.43	0.0955
86	4.45	0.0737
87	4.47	0.0756
88	5.64	0.2507

Table of Multiplets
No.	Shift1 (ppm)	Hs	Type	J (Hz)		Atom1		Multiplet1	 (ppm)
1	0.47		3	s	-		18		M14		0.44 .. 0.49
2	1.19		1	qd	-		10		M13		1.17 .. 1.27
3	1.32		4	m	-		24 9		M12		1.28 .. 1.38
4	1.63		2	m	-		8 16		M11		1.59 .. 1.70
5	1.76		1	m	-		9		M10		1.74 .. 1.82
6	1.90		3	m	-		10 3 6	M09		1.85 .. 1.97
7	2.12		2	m	-		15 4		M08		2.08 .. 2.16
8	2.26		1	m	-		11		M07		2.23 .. 2.29
9	2.38		3	m	-		2 15 11	M06		2.32 .. 2.47
10	2.55		2	m	-		16 8		M05		2.51 .. 2.61
11	2.87		1	d	12.16		6		M04		2.85 .. 2.90
12	4.08		1	dd	19.34 5.36	25		M03		4.04 .. 4.11
13	4.44		1	dd	19.34 6.63	25		M02		4.41 .. 4.48
14	5.64		1	s	-		13		M01		5.62 .. 5.66

Table of Assignments
No.	Atom	Exp. Shift (ppm)	Multiplet
1	18	0.47			M14
2	10	1.19			M13
3	24	1.32			M12
4	9	1.32			M12
5	8	1.63			M11
6	16	1.63			M11
7	9	1.76			M10
8	10	1.90			M09
9	3	1.90			M09
10	6	1.90			M09
11	15	2.12			M08
12	4	2.12			M08
13	11	2.26			M07
14	2	2.38			M06
15	15	2.38			M06
16	11	2.38			M06
17	16	2.55			M05
18	8	2.55			M05
19	6	2.87			M04
20	25	4.08			M03
21	25	4.44			M02
22	13	5.64			M01

	