Table of Peaks

No. 	(ppm) 	(Hz) 	Height
1 	3.67 	1834.4 	0.0106 	
2 	3.66 	1829.8 	0.0211 	
3 	3.65 	1823.5 	0.0258 	
4 	3.64 	1818.7 	0.0429 	
5 	3.63 	1813.9 	0.0255 	
6 	3.62 	1807.7 	0.0217 	
7 	3.61 	1803.1 	0.0107 	
8 	2.44 	1218.8 	0.0210 	
9 	2.43 	1213.6 	0.0234 	
10 	2.42 	1208.5 	0.0246 	
11 	2.41 	1203.2 	0.0519 	
12 	2.40 	1197.8 	0.0337 	
13 	2.39 	1192.8 	0.0371 	
14 	2.38 	1187.7 	0.0334 	
15 	2.30 	1149.2 	0.0320 	
16 	2.29 	1142.7 	0.0380 	
17 	2.28 	1139.3 	0.0373 	
18 	2.27 	1133.1 	0.0498 	
19 	2.25 	1126.9 	0.0245 	
20 	2.25 	1123.6 	0.0239 	
21 	2.24 	1117.2 	0.0229 	
22 	1.98 	989.4 	0.0403 	
23 	1.97 	986.5 	0.0257 	
24 	1.96 	979.9 	0.0285 	
25 	1.96 	977.3 	0.0426 	
26 	1.95 	974.4 	0.0231 	
27 	1.89 	943.5 	0.0202 	
28 	1.88 	940.3 	0.0324 	
29 	1.87 	936.0 	0.0334 	
30 	1.87 	934.6 	0.0321 	
31 	1.86 	931.1 	0.0407 	
32 	1.85 	926.8 	0.0694 	
33 	1.85 	922.2 	0.0542 	
34 	1.84 	917.7 	0.0408 	
35 	1.82 	911.5 	0.0557 	
36 	1.82 	908.5 	0.0602 	
37 	1.81 	905.8 	0.0633 	
38 	1.81 	903.2 	0.0574 	
39 	1.80 	898.2 	0.0244 	
40 	1.78 	891.7 	0.0888 	
41 	1.76 	879.2 	0.0475 	
42 	1.73 	866.5 	0.0243 	
43 	1.68 	840.9 	0.0255 	
44 	1.68 	838.3 	0.0224 	
45 	1.66 	832.2 	0.0256 	
46 	1.66 	830.0 	0.0298 	
47 	1.60 	800.8 	0.0204 	
48 	1.60 	797.8 	0.0270 	
49 	1.59 	796.2 	0.0259 	
50 	1.59 	793.0 	0.0313 	
51 	1.58 	788.3 	0.0254 	
52 	1.57 	783.4 	0.0171 	
53 	1.54 	770.2 	0.0174 	
54 	1.53 	765.9 	0.0327 	
55 	1.53 	764.3 	0.0320 	
56 	1.52 	759.6 	0.0215 	
57 	1.51 	753.4 	0.0268 	
58 	1.50 	751.7 	0.0262 	
59 	1.50 	747.5 	0.0139 	
60 	1.47 	733.0 	0.0137 	
61 	1.46 	729.2 	0.0170 	
62 	1.45 	726.5 	0.0270 	
63 	1.45 	722.7 	0.0342 	
64 	1.43 	716.6 	0.0637 	
65 	1.41 	705.3 	0.1402 	
66 	1.39 	697.1 	0.1218 	
67 	1.39 	695.9 	0.1209 	
68 	1.38 	690.6 	0.1045 	
69 	1.37 	686.5 	0.0846 	
70 	1.37 	682.4 	0.0532 	
71 	1.35 	677.1 	0.0573 	
72 	1.35 	672.6 	0.0561 	
73 	1.34 	667.6 	0.0282 	
74 	1.33 	662.4 	0.0426 	
75 	1.30 	651.1 	0.0379 	
76 	1.30 	648.2 	0.0327 	
77 	1.29 	644.8 	0.0226 	
78 	1.28 	638.0 	0.0692 	
79 	1.25 	626.1 	0.0614 	
80 	1.25 	624.6 	0.0620 	
81 	1.23 	613.2 	0.0249 	
82 	1.22 	611.2 	0.0235 	
83 	1.20 	600.4 	0.0115 	
84 	1.18 	590.0 	0.0288 	
85 	1.17 	587.0 	0.0287 	
86 	1.16 	577.8 	0.0347 	
87 	1.15 	574.3 	0.0364 	
88 	1.14 	567.9 	0.0393 	
89 	1.13 	565.0 	0.0283 	
90 	1.12 	558.4 	0.0743 	
91 	1.10 	548.9 	0.0755 	
92 	1.08 	538.4 	0.0811 	
93 	1.06 	532.2 	0.0723 	
94 	1.06 	528.6 	0.0793 	
95 	1.03 	516.8 	0.0185 	
96 	1.01 	504.1 	0.0295 	
97 	1.00 	500.8 	0.0267 	
98 	0.98 	489.9 	0.0458 	
99 	0.97 	486.6 	0.0453 	
100 	0.95 	475.6 	0.0313 	
101 	0.94 	469.5 	0.3271 	
102 	0.93 	463.1 	1.0000 	
103 	0.65 	326.9 	0.6178 	


Table of Multiplets

No. 	Shift1 (ppm) 	Hs 	Type 	Atom1 	Multiplet1 	 (ppm)
1 	3.64 	2 	m 	11 	M01 	3.58 .. 3.70
2 	2.41 	3 	m 	22 	M02 	2.36 .. 2.46
3 	2.27 	3 	m 	22 	M03 	2.22 .. 2.32
4 	1.96 	2 	m 	15 	M04 	1.93 .. 2.01
5 	1.83 	13 	m 	10 21 13 7 17 	M05 	1.72 .. 1.91
6 	1.67 	3 	m 	12 	M06 	1.64 .. 1.71
7 	1.59 	2 	m 	8 	M07 	1.56 .. 1.62
8 	1.52 	3 	m 	10 	M08 	1.48 .. 1.55
9 	1.40 	21 	m 	21 12 7 9 14 16 2a 3a 	M09 	1.31 .. 1.48
10 	1.18 	21 	m 	8 4a 6 16 15 17 14 	M10 	1.02 .. 1.31
11 	0.99 	2 	m 	13 	M11 	0.96 .. 1.02
12 	0.93 	6 	d 	26 	M12 	0.92 .. 0.94
13 	0.92 	4 	s 	18 	M13 	0.92 .. 0.93
14 	0.65 	3 	s 	19 	M14 	0.60 .. 0.68


Table of Assignments

No. 	Atom 	Exp. Shift (ppm) 	Multiplet
1 	11 	3.64 	M01
2 	22 	2.41 	M02
3 	22 	2.27 	M03
4 	15 	1.96 	M04
5 	17 	1.83 	M05
6 	7 	1.83 	M05
7 	13 	1.83 	M05
8 	21 	1.83 	M05
9 	10 	1.83 	M05
10 	12 	1.67 	M06
11 	8 	1.59 	M07
12 	10 	1.52 	M08
13 	12 	1.40 	M09
14 	7 	1.40 	M09
15 	9 	1.40 	M09
16 	14 	1.40 	M09
17 	16 	1.40 	M09
18 	2a 	1.40 	M09
19 	3a 	1.40 	M09
20 	21 	1.40 	M09
21 	14 	1.18 	M10
22 	17 	1.18 	M10
23 	15 	1.18 	M10
24 	16 	1.18 	M10
25 	6 	1.18 	M10
26 	4a 	1.18 	M10
27 	8 	1.18 	M10
28 	13 	0.99 	M11
29 	26 	0.93 	M12
30 	18 	0.92 	M13
31 	19 	0.65 	M14
