Table of Peaks
No. 	(ppm) 	(Hz) 	Height
1 	3.44 	1719.1 	0.3059 	
2 	3.46 	1728.8 	0.5294 	
3 	3.48 	1738.4 	0.3387 	
4 	3.51 	1754.6 	0.2220 	
5 	3.52 	1757.8 	0.3269 	
6 	3.52 	1760.9 	0.2284 	
7 	3.53 	1764.4 	0.2448 	
8 	3.54 	1767.5 	0.3463 	
9 	3.54 	1770.7 	0.2064 	
10 	3.75 	1874.5 	0.4391 	
11 	3.76 	1877.2 	0.3190 	
12 	3.77 	1883.9 	0.6629 	
13 	3.78 	1889.9 	0.3803 	
14 	3.79 	1893.8 	0.5354 	
15 	3.84 	1918.2 	0.3851 	
16 	3.84 	1920.2 	0.4272 	
17 	3.86 	1930.8 	0.2219 	
18 	3.87 	1932.6 	0.2702 	
19 	3.88 	1937.3 	0.2594 	
20 	3.88 	1939.5 	0.2410 	
21 	3.88 	1941.6 	0.2397 	
22 	3.90 	1947.3 	0.2105 	
23 	3.90 	1949.5 	0.2201 	
24 	3.90 	1951.4 	0.1951 	
25 	4.18 	2087.1 	0.0951 	
26 	4.18 	2089.6 	0.1128 	
27 	4.19 	2092.4 	0.1175 	
28 	4.19 	2095.3 	0.1352 	
29 	4.20 	2098.8 	0.1988 	
30 	4.20 	2101.4 	0.2229 	
31 	4.21 	2104.0 	0.2264 	
32 	4.22 	2107.1 	0.2013 	
33 	4.23 	2112.3 	0.2029 	
34 	4.23 	2114.6 	0.2645 	
35 	4.23 	2116.2 	0.2458 	
36 	4.24 	2118.9 	0.2102 	
37 	4.25 	2123.9 	0.1077 	
38 	4.25 	2126.5 	0.1306 	
39 	4.26 	2128.2 	0.1261 	
40 	4.26 	2130.6 	0.1197 	
41 	4.28 	2137.8 	0.2940 	
42 	4.28 	2140.1 	0.3424 	
43 	4.37 	2182.3 	0.7464 	
44 	4.37 	2185.6 	0.5696 	
45 	5.59 	2792.5 	0.3098 	
46 	5.59 	2795.9 	0.3106 	
47 	5.60 	2799.7 	0.3258 	
48 	5.61 	2803.1 	0.2949 	
49 	5.96 	2977.5 	0.6307 	
50 	5.97 	2985.8 	1.0000 	
51 	5.98 	2989.4 	0.4563 	
52 	7.94 	3969.0 	0.7066 	
53 	7.96 	3977.1 	0.6751 	

Table of Multiplets
No. 	Shift1 (ppm) 	Hs 	Type 	J (Hz) 	Atom1 	Multiplet1 	 (ppm)
1 	5.60 	1 	dd 	7.18 3.39 	2 	M02 	5.57 .. 5.62
2 	3.46 	2 	t 	9.65 	5 	M04 	3.43 .. 3.49
3 	7.95 	2 	d 	8.10 	32 	M01 	7.92 .. 7.97
4 	4.37 	2 	m 	- 	23 22 	M07 	4.35 .. 4.39
5 	3.53 	2 	dt 	9.75 3.16 	3 	M03 	3.50 .. 3.55
6 	3.88 	3 	m 	- 	13 4 	M09 	3.82 .. 3.93
7 	4.23 	3 	m 	- 	19 18 	M06 	4.17 .. 4.30
8 	5.97 	3 	m 	- 	21 31 	M05 	5.94 .. 6.00
9 	3.77 	3 	m 	- 	6 13 	M08 	3.74 .. 3.80

Table of Assignments
No. 	Atom 	Exp. Shift (ppm) 	Multiplet
1 	5 	3.46 	M04
2 	3 	3.53 	M03
3 	6 	3.77 	M08
4 	13 	3.77 	M08
5 	13 	3.88 	M09
6 	4 	3.88 	M09
7 	19 	4.23 	M06
8 	18 	4.23 	M06
9 	23 	4.37 	M07
10 	22 	4.37 	M07
11 	2 	5.60 	M02
12 	21 	5.97 	M05
13 	31 	5.97 	M05
14 	32 	7.95 	M01
