Table of Peaks
No. 	(ppm) 	(Hz) 	Height
1 	0.68 	410.3 	0.9902 	
2 	0.91 	545.0 	1.0000 	
3 	0.98 	586.5 	0.6126 	
4 	0.99 	591.3 	0.6114 	
5 	1.21 	723.9 	0.1461 	
6 	1.22 	734.5 	0.1198 	
7 	1.26 	754.5 	0.0846 	
8 	1.27 	761.8 	0.1746 	
9 	1.28 	769.1 	0.1311 	
10 	1.29 	775.3 	0.1137 	
11 	1.40 	837.9 	0.5305 	
12 	1.49 	894.1 	0.1937 	
13 	1.51 	904.7 	0.1838 	
14 	1.53 	917.2 	0.1455 	
15 	1.55 	930.0 	0.1218 	
16 	1.57 	939.2 	0.1231 	
17 	1.58 	948.5 	0.1159 	
18 	1.60 	959.1 	0.0719 	
19 	1.64 	986.4 	0.1992 	
20 	1.70 	1022.0 	0.1418 	
21 	1.72 	1033.2 	0.1685 	
22 	1.74 	1043.0 	0.1618 	
23 	1.75 	1052.2 	0.1962 	
24 	1.78 	1067.4 	0.2128 	
25 	1.80 	1077.6 	0.2132 	
26 	1.90 	1136.8 	0.0949 	
27 	2.12 	1271.9 	0.0508 	
28 	2.14 	1281.7 	0.0834 	
29 	2.14 	1286.1 	0.1062 	
30 	2.15 	1291.9 	0.0907 	
31 	2.30 	1376.7 	0.0817 	
32 	2.31 	1386.7 	0.1254 	
33 	2.33 	1397.2 	0.0620 	
34 	3.05 	1830.0 	0.4045 	
35 	3.06 	1837.0 	0.7825 	
36 	3.07 	1844.1 	0.4405 	
37 	3.53 	2119.4 	0.1879 	
38 	3.54 	2125.7 	0.3978 	
39 	3.56 	2132.6 	0.3718 	
40 	3.57 	2138.9 	0.1481 	
41 	3.61 	2165.6 	0.1041 	
42 	4.02 	2412.5 	0.2135 	
43 	7.93 	4757.7 	0.1227 	
44 	7.94 	4763.4 	0.2357 	
45 	7.95 	4769.1 	0.1194 	

Table of Multiplets
No. 	Shift1 (ppm) 	Hs 	Type 	J (Hz) 	Atom1 	Multiplet1 	 (ppm)
1 	3.61 	1 	br. s. 	- 	11 	M02 	3.58 .. 3.65
2 	1.90 	1 	br. s. 	- 	3 	M13 	1.86 .. 1.93
3 	2.31 	1 	t 	10.28 	21 	M15 	2.27 .. 2.35
4 	2.14 	1 	m 	- 	21 	M14 	2.11 .. 2.18
5 	4.02 	1 	br. s. 	- 	14 	M01 	4.00 .. 4.05
6 	3.06 	2 	t 	7.03 	30 	M04 	3.04 .. 3.09
7 	3.55 	2 	q 	6.36 	29 	M03 	3.52 .. 3.57
8 	1.64 	2 	br. s. 	- 	12 4 	M11 	1.62 .. 1.67
9 	0.68 	3 	s 	- 	18 	M05 	0.66 .. 0.70
10 	1.26 	3 	m 	- 	16 4 3 17 	M08 	1.16 .. 1.31
11 	0.98 	3 	d 	4.85 	13 27 	M07 	0.96 .. 1.00
12 	0.91 	3 	s 	- 	24 	M06 	0.88 .. 0.93
13 	1.55 	4 	m 	- 	5 10 15 	M10 	1.46 .. 1.61
14 	1.75 	6 	m 	- 	16 10 7 13 2 20 	M12 	1.69 .. 1.85
15 	1.40 	6 	br. s. 	- 	17 20 9 19 6 12 	M09 	1.35 .. 1.45

Table of Assignments
No. 	Atom 	Exp. Shift (ppm) 	Multiplet
1 	18 	0.68 	M05
2 	24 	0.91 	M06
3 	13 	0.98 	M07
4 	27 	0.98 	M07
5 	16 	1.26 	M08
6 	4 	1.26 	M08
7 	3 	1.26 	M08
8 	17 	1.26 	M08
9 	17 	1.40 	M09
10 	20 	1.40 	M09
11 	9 	1.40 	M09
12 	19 	1.40 	M09
13 	6 	1.40 	M09
14 	12 	1.40 	M09
15 	5 	1.55 	M10
16 	10 	1.55 	M10
17 	15 	1.55 	M10
18 	12 	1.64 	M11
19 	4 	1.64 	M11
20 	16 	1.75 	M12
21 	10 	1.75 	M12
22 	7 	1.75 	M12
23 	13 	1.75 	M12
24 	2 	1.75 	M12
25 	20 	1.75 	M12
26 	3 	1.90 	M13
27 	21 	2.14 	M14
28 	21 	2.31 	M15
29 	30 	3.06 	M04
30 	29 	3.55 	M03
31 	11 	3.61 	M02
32 	14 	4.02 	M01
