Table of Peaks
No.	(ppm)	Height
1	0.96	0.1015
2	0.98	0.1708
3	0.99	0.0720
4	1.30	0.0129
5	1.30	0.0318
6	1.31	0.0694
7	1.32	0.1000
8	1.33	0.0524
9	1.34	0.0463
10	1.34	0.0462
11	1.34	0.0467
12	1.35	0.0439
13	1.37	0.0258
14	1.38	0.0078
15	1.38	0.0048
16	1.61	0.0099
17	1.62	0.0268
18	1.63	0.0392
19	1.65	0.0291
20	1.66	0.0099
21	2.04	0.0140
22	2.05	0.0477
23	2.06	0.0466
24	2.07	0.0357
25	2.07	0.0362
26	2.07	0.0209
27	2.08	0.0472
28	2.09	0.0285
29	2.10	0.0078
30	2.34	0.0496
31	2.35	0.1067
32	2.36	0.0668
33	2.80	0.0440
34	2.80	0.0418
35	2.81	0.0773
36	2.81	0.0760
37	2.82	0.0462
38	2.82	0.0465
39	5.29	0.0064
40	5.30	0.0039
41	5.30	0.0071
42	5.31	0.0120
43	5.31	0.0102
44	5.31	0.0106
45	5.32	0.0089
46	5.32	0.0118
47	5.32	0.0185
48	5.32	0.0221
49	5.33	0.0140
50	5.33	0.0181
51	5.34	0.0201
52	5.34	0.0170
53	5.34	0.0093
54	5.35	0.0095
55	5.35	0.0284
56	5.35	0.0285
57	5.36	0.0303
58	5.36	0.0335
59	5.36	0.0714
60	5.36	0.0618
61	5.37	0.0462
62	5.37	0.0320
63	5.38	0.0334
64	5.38	0.0370
65	5.38	0.0207
66	5.39	0.0199
67	5.39	0.0268
68	5.39	0.0240
69	5.39	0.0167
70	5.40	0.0196
71	5.40	0.0161
72	5.40	0.0125
73	5.41	0.0159
74	5.41	0.0139
75	5.41	0.0036
76	5.42	0.0056
77	5.42	0.0035

Table of Multiplets
No.	Shift1 (ppm)	Hs	Type	J (Hz)	Atom1			Multiplet1	 (ppm)
1	0.98		3	t	7.57	20			M07		0.96 .. 0.99
2	1.31		8	m	-	8 9 7 6		M06		1.28 .. 1.39
3	1.61		2	quin	-	5			M05		1.60 .. 1.67
4	2.04		4	m	-	10 19			M04		2.03 .. 2.11
5	2.35		2	t	7.51	4			M03		2.33 .. 2.37
6	2.80		4	m	-	13 16			M02		2.78 .. 2.85
7	5.36		6	m	-	17 15 14 12 11 18	M01		5.28 .. 5.43

Table of Assignments
No.	Atom	Exp. Shift (ppm)	Multiplet
1	20	0.98			M07
2	8	1.31			M06
3	9	1.31			M06
4	7	1.31			M06
5	6	1.31			M06
6	5	1.61			M05
7	10	2.04			M04
8	19	2.04			M04
9	4	2.35			M03
10	13	2.80			M02
11	16	2.80			M02
12	17	5.36			M01
13	15	5.36			M01
14	14	5.36			M01
15	12	5.36			M01
16	11	5.36			M01
17	18	5.36			M01

