Table of Peaks

No. 	(ppm) 	(Hz) 	Height
1 	0.00 	0.0 	0.2701 	
2 	2.39 	1433.5 	0.1545 	
3 	2.52 	1510.6 	0.1471 	
4 	3.75 	2245.8 	0.0021 	
5 	3.76 	2252.2 	0.0025 	
6 	3.77 	2257.6 	0.0026 	
7 	3.78 	2264.1 	0.0028 	
8 	3.84 	2301.2 	0.0020 	
9 	3.85 	2307.1 	0.0022 	
10 	3.86 	2313.2 	0.0067 	
11 	3.87 	2319.2 	0.0072 	
12 	3.87 	2322.2 	0.0076 	
13 	3.88 	2325.6 	0.0092 	
14 	3.89 	2334.4 	0.0072 	
15 	3.90 	2337.3 	0.0054 	
16 	3.91 	2346.5 	0.0031 	
17 	3.92 	2349.1 	0.0030 	
18 	3.92 	2352.7 	0.0024 	
19 	3.94 	2359.8 	0.0038 	
20 	3.95 	2364.8 	0.0037 	
21 	3.96 	2375.6 	0.0022 	
22 	3.97 	2378.4 	0.0023 	
23 	3.97 	2382.2 	0.0030 	
24 	3.98 	2385.0 	0.0029 	
25 	3.99 	2391.8 	0.0020 	
26 	4.01 	2406.5 	0.0045 	
27 	4.03 	2418.4 	0.0551 	
28 	4.05 	2428.5 	0.0177 	
29 	4.06 	2433.2 	0.0196 	
30 	4.07 	2436.9 	0.0234 	
31 	4.08 	2443.1 	0.0165 	
32 	4.09 	2452.4 	0.0085 	
33 	4.10 	2457.0 	0.0072 	
34 	4.10 	2459.3 	0.0068 	
35 	4.11 	2463.9 	0.0056 	
36 	4.25 	2545.0 	0.0022 	
37 	4.26 	2551.6 	0.0045 	
38 	4.27 	2557.9 	0.0045 	
39 	4.28 	2564.5 	0.0022 	
40 	4.33 	2592.6 	0.0027 	
41 	4.35 	2607.2 	0.0028 	
42 	4.35 	2609.8 	0.0025 	
43 	4.40 	2636.1 	0.0147 	
44 	4.41 	2642.1 	0.0123 	
45 	4.41 	2645.4 	0.0136 	
46 	7.64 	4579.5 	0.0630 	
47 	7.80 	4674.5 	0.0515 


Table of Multiplets

 No. 	Shift1 (ppm) 	Hs 	Type 	Atom1 	Multiplet1 	 (ppm)
1 	2.39 	12 	s 	20 	M08 	2.36 .. 2.41
2 	2.52 	9 	s 	21 	M07 	2.50 .. 2.53
3 	3.89 	4 	m 	22 24 	M06 	3.71 .. 4.01
4 	4.07 	12 	m 	26 	M05 	4.00 .. 4.14
5 	4.30 	2 	m 	18 	M04 	4.24 .. 4.37
6 	4.41 	4 	m 	17 	M03 	4.38 .. 4.46
7 	7.64 	5 	s 	11 	M02 	7.61 .. 7.69
8 	7.80 	4 	s 	14 	M01 	7.74 .. 7.83


Table of Assignments

No. 	Atom 	Exp. Shift (ppm) 	Multiplet
1 	20 	2.39 	M08
2 	21 	2.52 	M07
3 	22 	3.89 	M06
4 	24 	3.89 	M06
5 	26 	4.07 	M05
6 	18 	4.30 	M04
7 	17 	4.41 	M03
8 	11 	7.64 	M02
9 	14 	7.80 	M01


	
