Table of Peaks
No. 	(ppm) 	(Hz) 	Height
1 	2.18 	1091.5 	0.3469 	
2 	2.20 	1098.5 	0.3505 	
3 	2.22 	1109.8 	0.4137 	
4 	2.23 	1116.7 	0.3950 	
5 	2.73 	1364.8 	0.4977 	
6 	2.74 	1370.1 	0.5168 	
7 	2.77 	1382.8 	0.4465 	
8 	2.78 	1388.1 	0.4417 	
9 	3.72 	1861.7 	0.7126 	
10 	3.73 	1866.0 	0.7511 	
11 	3.74 	1870.4 	0.8180 	
12 	3.75 	1874.7 	0.8137 	
13 	3.99 	1993.2 	0.3742 	
14 	4.00 	2000.3 	0.5913 	
15 	4.02 	2007.1 	0.5451 	
16 	4.03 	2014.3 	0.2998 	
17 	4.41 	2206.3 	0.5484 	
18 	4.42 	2210.5 	1.0000 	
19 	4.43 	2214.6 	0.5420 	
20 	6.61 	3304.8 	0.9130 	
21 	6.62 	3306.7 	0.9566 	
22 	6.62 	3308.7 	0.9134 	

Table of Multiplets
No. 	Shift1 (ppm) 	Hs 	Type 	J (Hz) 	Atom1 	Multiplet1 	 (ppm)
1 	6.62 	2 	m 	- 	5 	M04 	6.59 .. 6.64
2 	4.01 	2 	m 	- 	2 	M05 	3.97 .. 4.05
3 	3.74 	2 	dd 	8.65 4.30 	1 	M06 	3.72 .. 3.76
4 	2.21 	16 	dd 	18.19 6.98 	3 	M01 	2.17 .. 2.25
5 	4.42 	16 	t 	4.12 	6 	M03 	4.40 .. 4.44
6 	2.75 	17 	dd 	17.98 5.31 	3 	M02 	2.72 .. 2.79

Table of Assignments
No. 	Atom 	Exp. Shift (ppm) 	Multiplet
1 	3 	2.21 	M01
2 	3 	2.75 	M02
3 	1 	3.74 	M06
4 	2 	4.01 	M05
5 	6 	4.42 	M03
6 	5 	6.62 	M04
