Table of Peaks
No.	(ppm)	Height
1	0.73	1.0000
2	0.85	0.8785
3	2.45	0.1608
4	2.46	0.3083
5	2.47	0.1666
6	2.59	0.2227
7	2.60	0.4920
8	2.61	0.2546
9	3.30	0.1862
10	3.31	0.3930
11	3.32	0.2082
12	3.45	0.1094
13	3.45	0.1104
14	3.46	0.2089
15	3.46	0.2099
16	3.47	0.1304
17	3.52	0.0876
18	3.53	0.0953
19	3.54	0.1011
20	3.54	0.0908
21	3.79	0.0844
22	3.79	0.0923
23	3.80	0.0840
24	3.81	0.0795
25	3.99	0.4743
26	4.20	0.0261
27	4.21	0.0281
28	4.22	0.0861
29	4.23	0.1723
30	4.23	0.1877
31	4.24	0.0940
32	4.25	0.0291
33	4.26	0.0194
34	4.57	0.1609
35	6.16	0.2343
36	6.17	0.2254
37	8.25	0.3567
38	8.54	0.4544

Table of Multiplets
No.	Shift1 (ppm)	Hs	Type	J (Hz)		Atom1		Multiplet1	 (ppm)
1	0.73		3	s	-		36		M14		0.71 .. 0.74
2	0.85		3	s	-		37		M13		0.84 .. 0.86
3	2.46		2	t	6.55		41		M12		2.44 .. 2.48
4	2.60		2	t	6.60		47		M11		2.59 .. 2.62
5	3.31		2	t	6.60		46		M10		3.29 .. 3.32
6	3.46		2	m	-		42		M09		3.43 .. 3.48
7	3.53		1	dd	9.79 4.90	29		M08		3.50 .. 3.56
8	3.79		1	dd	-		29 31		M07		3.77 .. 3.83
9	3.99		1	s	-		31		M06		3.97 .. 4.02
10	4.22		2	m	-		19		M05		4.19 .. 4.27
11	4.57		1	br. s.	-		5		M04		4.55 .. 4.60
12	6.17		1	d	7.04		2		M03		6.15 .. 6.19
13	8.25		1	s	-		12		M02		8.23 .. 8.28
14	8.54		1	s	-		7		M01		8.53 .. 8.58
	
Table of Assignments
No.	Atom	Exp. Shift (ppm)	Multiplet
1	36	0.73			M14
2	37	0.85			M13
3	41	2.46			M12
4	47	2.60			M11
5	46	3.31			M10
6	42	3.46			M09
7	29	3.53			M08
8	29	3.79			M07
9	31	3.79			M07
10	31	3.99			M06
11	19	4.22			M05
12	5	4.57			M04
13	2	6.17			M03
14	12	8.25			M02
15	7	8.54			M01

