Table of Peaks
No.	(ppm)	Height
1	7.61	0.3262
2	7.61	0.1246
3	7.61	0.1270
4	7.62	0.6433
5	7.64	0.4270
6	7.75	0.1057
7	7.75	0.2097
8	7.75	0.1207
9	7.76	0.1284
10	7.76	0.3496
11	7.76	0.1569
12	7.76	0.1137
13	7.77	0.0744
14	7.77	0.1429
15	7.77	0.0764
16	7.95	0.5201
17	7.95	0.6414
18	7.95	0.1750
19	7.96	0.5242
20	7.96	0.4635
21	7.96	0.0889
22	7.96	0.0883
23	9.93	1.0000

Table of Multiplets
No.	Shift1 (ppm)	Hs	Type	J (Hz)		Atom1	Multiplet1	 (ppm)
1	7.62		2	t	7.76		3 5	M04		7.57 .. 7.67
2	7.76		1	tt	7.47 1.31	4	M03		7.71 .. 7.80
3	7.95		2	dd	8.17 1.13	2 6	M02		7.90 .. 8.00
4	9.93		1	s	-		7	M01		9.87 .. 9.98

Table of Assignments
No.	Atom	Exp. Shift (ppm)	Multiplet
1	3	7.62		M04
2	5	7.62		M04
3	4	7.76		M03
4	2	7.95		M02
5	6	7.95		M02
6	7	9.93		M01

