Table of Peaks
No.	(ppm)	Height
1	0.87	0.0047
2	0.88	0.0101
3	0.89	0.0043
4	1.22	0.0003
5	1.24	0.0007
6	1.24	0.0007
7	1.25	0.1195
8	1.28	0.0050
9	1.28	0.0041
10	1.30	0.0029
11	1.31	0.0021
12	1.32	0.0015
13	1.33	0.0014
14	1.34	0.0015
15	1.35	0.0010
16	1.36	0.0003
17	1.61	0.0008
18	1.62	0.0020
19	1.64	0.0026
20	1.65	0.0018
21	1.66	0.0006
22	2.34	0.0036
23	2.35	0.0060
24	2.36	0.0035

Table of Multiplets
No.	Shift1 (ppm)	Hs	Type	Atom1										Multiplet1	 (ppm)
1	0.87		3	t	26										M04		0.86 .. 0.90
2	1.25		40	m	25 24 23 22 21 20 19 18 17 16 15 14 13 12 11 10 9 8 7 6	M03		1.20 .. 1.39
3	1.61		2	quin	5										M02		1.60 .. 1.67
4	2.34		2	t	4										M01		2.32 .. 2.38

Table of Assignments
No.	Atom	Exp. Shift (ppm)	Multiplet
1	26	0.87		M04
2	25	1.25		M03
3	24	1.25		M03
4	23	1.25		M03
5	22	1.25		M03
6	21	1.25		M03
7	20	1.25		M03
8	19	1.25		M03
9	18	1.25		M03
10	17	1.25		M03
11	16	1.25		M03
12	15	1.25		M03
13	14	1.25		M03
14	13	1.25		M03
15	12	1.25		M03
16	11	1.25		M03
17	10	1.25		M03
18	9	1.25		M03
19	8	1.25		M03
20	7	1.25		M03
21	6	1.25		M03
22	5	1.61		M02
23	4	2.34		M01


