Table of Peaks
No.	(ppm)	Height
1	1.72	0.0563
2	1.76	0.0780
3	4.44	0.0095
4	4.44	0.0109
5	4.44	0.0108
6	4.45	0.0192
7	4.45	0.0196
8	4.45	0.0192
9	4.46	0.0104
10	4.46	0.0110
11	5.43	0.0015
12	5.43	0.0029
13	5.43	0.0040
14	5.44	0.0032
15	5.44	0.0020
16	5.44	0.0032
17	5.44	0.0060
18	5.45	0.0079
19	5.45	0.0059
20	5.45	0.0027
21	5.45	0.0020
22	5.46	0.0029
23	5.46	0.0037
24	5.46	0.0028
25	5.46	0.0016

Table of Multiplets
No.	Shift1 (ppm)	Hs	Type	Atom1	Multiplet1	 (ppm)
1	1.72		3	br. s.	12	M04		1.71 .. 1.72
2	1.76		3	br. s.	7	M03		1.75 .. 1.76
3	4.44		2	m	4	M02		4.42 .. 4.47
4	5.43		1	m	5	M01		5.42 .. 5.47

Table of Assignments
No.	Atom	Exp. Shift (ppm)	Multiplet
1	12	1.72			M04
2	7	1.76			M03
3	4	4.44			M02
4	5	5.43			M01

