Table of Peaks
No.	(ppm)	Height
1	0.84	0.0465
2	0.85	0.1101
3	0.87	0.0375
4	1.22	0.0041
5	1.23	0.0097
6	1.23	0.0166
7	1.24	0.0329
8	1.25	0.0296
9	1.26	0.0225
10	1.26	0.0231
11	1.26	0.0234
12	1.27	0.0175
13	1.28	0.0100
14	1.29	0.0061
15	1.30	0.0049
16	1.30	0.0057
17	1.31	0.0085
18	1.32	0.0076
19	1.32	0.0097
20	1.32	0.0096
21	1.33	0.0071
22	1.34	0.0071
23	1.35	0.0052
24	1.35	0.0054
25	1.36	0.0033
26	1.37	0.0022
27	1.38	0.0019
28	1.39	0.0021
29	1.40	0.0036
30	1.40	0.0037
31	1.41	0.0066
32	1.41	0.0051
33	1.42	0.0051
34	1.42	0.0045
35	1.42	0.0048
36	1.43	0.0021
37	1.44	0.0013
38	1.50	0.0044
39	1.50	0.0048
40	1.51	0.0164
41	1.52	0.0262
42	1.53	0.0208
43	1.55	0.0068
44	1.96	0.0088
45	1.97	0.0263
46	1.97	0.0249
47	1.98	0.0391
48	2.00	0.0242
49	2.01	0.0188
50	2.10	0.0034
51	2.10	0.0035
52	2.11	0.0086
53	2.11	0.0086
54	2.12	0.0094
55	2.13	0.0110
56	2.13	0.0109
57	2.14	0.0082
58	2.14	0.0048
59	2.16	0.0462
60	2.18	0.0598
61	2.19	0.0385
62	2.20	0.0018
63	2.21	0.0058
64	2.21	0.0060
65	2.22	0.0096
66	2.23	0.0060
67	2.23	0.0065
68	2.24	0.0117
69	2.24	0.0057
70	2.25	0.0173
71	2.25	0.0096
72	2.26	0.0105
73	2.27	0.0124
74	2.28	0.0076
75	2.54	0.0097
76	2.55	0.0100
77	2.56	0.0108
78	2.56	0.0106
79	2.58	0.0100
80	2.58	0.0095
81	2.59	0.0094
82	2.59	0.0088
83	3.87	0.0051
84	3.88	0.0131
85	3.89	0.0124
86	3.90	0.0044
87	3.92	0.0024
88	3.93	0.0029
89	3.93	0.0064
90	3.94	0.0068
91	3.95	0.0067
92	3.95	0.0065
93	3.96	0.0029
94	3.97	0.0023
95	5.24	0.0044
96	5.25	0.0074
97	5.26	0.0075
98	5.26	0.0060
99	5.26	0.0049
100	5.27	0.0053
101	5.27	0.0064
102	5.27	0.0104
103	5.27	0.0098
104	5.28	0.0062
105	5.34	0.0066
106	5.35	0.0133
107	5.35	0.0052
108	5.36	0.0067
109	5.36	0.0066
110	5.37	0.0093
111	5.38	0.0045
112	5.42	0.0118
113	5.43	0.0108
114	5.45	0.0289
115	5.46	0.0348
116	5.48	0.0284
117	5.49	0.0220
118	5.50	0.0090
119	5.51	0.0094

Table of Multiplets
No.	Shift1 (ppm)	Hs	Type	Atom1		Multiplet1	 (ppm)
1	0.85		3	t	24		M14		0.82 .. 0.88
2	1.22		8	m	20 21 22 23	M13		1.19 .. 1.45
3	1.50		2	m	15		M12		1.49 .. 1.56
4	1.96		3	m	14 5		M11		1.95 .. 2.03
5	2.10		1	m	3		M10		2.09 .. 2.15
6	2.17		2	t	16		M09		2.16 .. 2.19
7	2.20		3	m	11 2		M08		2.19 .. 2.29
8	2.54		1	ddd	5		M07		2.53 .. 2.60
9	3.87		1	m	9		M06		3.86 .. 3.91
10	3.92		1	m	1		M05		3.91 .. 3.98
11	5.24		1	m	12		M04		5.23 .. 5.30
12	5.34		1	m	13		M03		5.32 .. 5.39
13	5.42		1	dd	8		M02		5.41 .. 5.47
14	5.48		1	dd	7		M01		5.47 .. 5.53

Table of Assignmets
No.	Atom	Exp. Shift (ppm)	Multiplet
1	24	0.85			M14
2	20	1.22			M13
3	21	1.22			M13
4	22	1.22			M13
5	23	1.22			M13
6	15	1.50			M12
7	14	1.96			M11
8	5	1.96			M11
9	3	2.10			M10
10	16	2.17			M09
11	11	2.20			M08
12	2	2.20			M08
13	5	2.54			M07
14	9	3.87			M06
15	1	3.92			M05
16	12	5.24			M04
17	13	5.34			M03
18	8	5.42			M02
19	7	5.48			M01

