Table of Peaks

No. 	(ppm) 	(Hz) 	Height
1 	2.21 	1322.6 	0.0851 	
2 	2.19 	1315.2 	0.1574 	
3 	2.18 	1307.6 	0.0909 	
4 	1.56 	934.7 	0.0188 	
5 	1.55 	927.4 	0.0539 	
6 	1.53 	919.9 	0.0801 	
7 	1.52 	912.3 	0.0574 	
8 	1.51 	904.8 	0.0214 	
9 	1.34 	803.6 	0.0100 	
10 	1.33 	796.1 	0.0385 	
11 	1.32 	788.6 	0.0650 	
12 	1.30 	781.0 	0.0640 	
13 	1.29 	773.7 	0.0365 	
14 	1.28 	766.4 	0.0094 	
15 	0.91 	544.7 	0.1175 	
16 	0.90 	537.3 	0.2276 	
17 	0.88 	529.9 	0.1037 	
18 	0.00 	2.5 	0.1304 	


Table of Multiplets

No. 	Shift1 (ppm) 	Hs 	Type 	J (Hz) 	Atom1 	Multiplet1 	 (ppm)
1 	2.19 	15 	t 	7.47 	4 	M01 	2.16 .. 2.22
2 	1.53 	14 	m 	- 	5 	M02 	1.49 .. 1.58
3 	1.31 	13 	m 	- 	6 	M03 	1.27 .. 1.36
4 	0.90 	18 	t 	7.39 	7 	M04 	0.86 .. 0.93


Table of Assignments

No. 	Atom 	Exp. Shift (ppm) 	Multiplet
1 	4 	2.19 	M01
2 	5 	1.53 	M02
3 	6 	1.31 	M03
4 	7 	0.90 	M04
