Table of Peaks
No.	(ppm)	Height
1	1.43	0.0220
2	1.44	0.0246
3	1.45	0.0407
4	1.45	0.0306
5	1.46	0.0439
6	1.46	0.0304
7	1.47	0.0299
8	1.47	0.0475
9	1.48	0.0310
10	1.48	0.0456
11	1.49	0.0279
12	1.50	0.0267
13	1.76	0.5804
14	1.83	0.0174
15	1.84	0.0301
16	1.84	0.0368
17	1.85	0.0398
18	1.85	0.0326
19	1.86	0.0293
20	1.86	0.0287
21	1.86	0.0369
22	1.87	0.0357
23	1.87	0.0286
24	1.88	0.0160
25	2.05	0.0128
26	2.05	0.0214
27	2.05	0.0181
28	2.06	0.0235
29	2.06	0.0210
30	2.07	0.0250
31	2.07	0.0292
32	2.08	0.0229
33	2.08	0.0282
34	2.09	0.0226
35	2.09	0.0261
36	2.09	0.0263
37	2.10	0.0326
38	2.10	0.0285
39	2.10	0.0272
40	2.10	0.0366
41	2.11	0.0198
42	2.15	0.0099
43	2.15	0.0149
44	2.15	0.0162
45	2.16	0.0168
46	2.16	0.0181
47	2.16	0.0184
48	2.17	0.0213
49	2.17	0.0344
50	2.18	0.0413
51	2.18	0.0494
52	2.18	0.0493
53	2.19	0.0509
54	2.19	0.0512
55	2.20	0.0598
56	2.20	0.0505
57	2.21	0.0359
58	2.21	0.0301
59	2.27	0.0236
60	2.27	0.0265
61	2.27	0.0381
62	2.28	0.0413
63	2.28	0.0335
64	2.29	0.0377
65	2.29	0.0404
66	2.30	0.0596
67	2.30	0.0561
68	2.31	0.0481
69	2.32	0.0303
70	2.32	0.0299
71	2.32	0.0286
72	2.33	0.0281
73	6.62	0.0508
74	6.62	0.0566
75	6.62	0.0530
76	6.63	0.0504

Table of Multiplets
No.	Shift1 (ppm)	Hs	Type	Atom1	Multiplet1	 (ppm)
1	1.43		1	m	1	M07		1.42 .. 1.50
2	1.76		3	s	11	M06		1.76 .. 1.77
3	1.83		1	m	1	M05		1.82 .. 1.89
4	2.05		1	m	3	M04		2.04 .. 2.12
5	2.17		2	m	2 6	M03		2.14 .. 2.23
6	2.28		2	m	3 6	M02		2.25 .. 2.35
7	6.62		1	m	4	M01		6.60 .. 6.65

Table of Assignments
No.	Atom	Exp. Shift (ppm)	Multiplet
1	1	1.43			M07
2	11	1.76			M06
3	1	1.83			M05
4	3	2.05			M04
5	2	2.17			M03
6	6	2.17			M03
7	3	2.28			M02
8	6	2.28			M02
9	4	6.62			M01

