Table of Peaks
No.	(ppm)	(Hz)	Height
1	2.99	1495.7	0.1747
2	3.01	1503.3	0.1810
3	3.02	1510.5	0.2920
4	3.04	1518.1	0.2902
5	3.12	1560.0	0.2611
6	3.13	1565.7	0.2255
7	3.15	1574.9	0.1753
8	3.16	1580.3	0.1739
9	4.08	2041.8	0.1640
10	4.10	2047.2	0.1963
11	4.10	2049.4	0.2017
12	4.11	2054.9	0.1204
13	6.89	3445.1	0.7486
14	6.91	3453.3	1.0000
15	7.01	3502.5	0.5043
16	7.01	3504.6	0.4463
17	7.02	3510.8	0.3615
18	7.03	3512.9	0.3891
19	7.20	3597.9	0.7589
20	7.20	3600.1	0.7283

Table of Multiplets
No.	Shift1 (ppm)	Hs	Type	J (Hz)	Atom1	Multiplet1	 (ppm)
1	3.01	1	dd	14.80 7.62	9	M06	2.98 .. 3.04
2	3.14	1	dd	14.77 5.52	9	M05	3.11 .. 3.17
3	4.10	1	dd	7.57 5.42	10	M04	4.08 .. 4.12
4	6.90	1	d	8.26	3	M03	6.88 .. 6.92
5	7.02	2	dd	8.27 2.09	4	M02	7.00 .. 7.04
6	7.20	1	d	2.15	6	M01	7.19 .. 7.22

Table of Assignments
No.	Atom	Exp. Shift (ppm)	Multiplet
1	9	3.01	M06
2	9	3.14	M05
3	10	4.10	M04
4	3	6.90	M03
5	4	7.02	M02
6	6	7.20	M01
