Table of Peaks
No. 	(ppm) 	(Hz) 	Height
1 	3.39 	1696.9 	0.2040 	
2 	3.40 	1699.9 	0.2646 	
3 	3.41 	1705.2 	0.2344 	
4 	3.42 	1708.2 	0.2805 	
5 	3.62 	1807.5 	0.1871 	
6 	3.62 	1810.4 	0.2211 	
7 	3.64 	1817.5 	0.2956 	
8 	3.64 	1820.5 	0.3087 	
9 	3.67 	1836.1 	0.1701 	
10 	3.69 	1842.0 	0.2426 	
11 	3.70 	1848.2 	0.2611 	
12 	3.71 	1854.1 	0.2847 	
13 	3.76 	1879.5 	0.1521 	
14 	3.76 	1881.6 	0.1859 	
15 	3.77 	1885.4 	0.1374 	
16 	3.78 	1887.6 	0.1964 	
17 	3.78 	1889.4 	0.1907 	
18 	3.78 	1891.6 	0.1709 	
19 	3.79 	1895.4 	0.1566 	
20 	3.80 	1897.3 	0.1467 	
21 	3.80 	1900.3 	0.0857 	
22 	3.86 	1928.9 	0.2413 	
23 	3.86 	1930.7 	0.3025 	
24 	3.88 	1941.0 	0.1926 	
25 	3.89 	1942.9 	0.2233 	
26 	4.16 	2077.3 	0.2063 	
27 	4.16 	2080.2 	0.3818 	
28 	4.17 	2083.0 	0.2755 	

Table of Multiplets
No. 	Shift1 (ppm) 	Hs 	Type 	J (Hz) 	Atom1 	Multiplet1 	 (ppm)
1 	3.41 	1 	dd 	8.28 3.00 	3a 	M01 	3.39 .. 3.44
2 	3.63 	1 	dd 	- 	5a 	M02 	3.61 .. 3.67
3 	3.69 	1 	dd 	- 	11 	M03 	3.67 .. 3.73
4 	3.78 	1 	m 	- 	6a 	M04 	3.75 .. 3.83
5 	3.87 	1 	dd 	12.12 1.88 	11 	M05 	3.85 .. 3.90
6 	4.16 	1 	t 	2.83 	4a 	M06 	4.14 .. 4.19

Table of Assignments
No. 	Atom 	Exp. Shift (ppm) 	Multiplet
1 	3a 	3.41 	M01
2 	5a 	3.63 	M02
3 	11 	3.69 	M03
4 	6a 	3.78 	M04
5 	11 	3.87 	M05
6 	4a 	4.16 	M06
