Table of Peaks
No.	(ppm)	Height
1	1.92	0.0162
2	1.94	0.0350
3	1.94	0.0302
4	1.95	0.0430
5	1.95	0.0480
6	1.96	0.0557
7	1.96	0.0558
8	1.97	0.0594
9	1.98	0.0601
10	1.99	0.0639
11	1.99	0.0560
12	1.99	1.0000
13	2.17	0.0183
14	2.18	0.0227
15	2.18	0.0394
16	2.19	0.0471
17	2.19	0.0335
18	2.20	0.0261
19	2.20	0.0418
20	2.20	0.0413
21	2.21	0.0326
22	2.22	0.0237
23	2.22	0.0206
24	2.39	0.1491
25	2.40	0.2427
26	2.42	0.1240
27	2.68	0.0630
28	2.69	0.0704
29	2.70	0.1037
30	2.72	0.0985
31	2.80	0.1030
32	2.81	0.0995
33	2.83	0.0673
34	2.84	0.0689
35	4.42	0.0582
36	4.43	0.0658
37	4.43	0.0645
38	4.44	0.0596
39	4.74	0.0213
40	4.74	0.0208
41	4.75	0.0194
42	4.76	0.0197

Table of Multiplets
No.	Shift1 (ppm)	Hs	Type	J (Hz)		Atom1		Multiplet1	 (ppm)
1	1.97		4	m	-		8 20		M07		1.91 .. 2.01
2	2.17		1	m	-		8		M06		2.15 .. 2.24
3	2.40		3	t	7.59		9		M05		2.36 .. 2.44
4	2.70		1	dd	-		17		M04		2.66 .. 2.73
5	2.82		1	dd	16.86 5.20	17		M03		2.78 .. 2.86
6	4.43		1	dd	9.05 4.81	4		M02		4.40 .. 4.46
7	4.74		1	dd	-		12		M01		4.72 .. 4.77

Table of Assignments
No.	Atom	Exp. Shift (ppm)	Multiplet
1	8	1.97			M07
2	20	1.97			M07
3	8	2.17			M06
4	9	2.40			M05
5	17	2.70			M04
6	17	2.82			M03
7	4	4.43			M02
8	12	4.74			M01