Table of Peaks
No.	(ppm)	(Hz)	Height
1 	8.49 	4241.7 	1.0000
2 	8.02 	4006.8 	0.3046
3 	8.00 	3999.5 	0.3194
4 	7.51 	3752.8 	0.8653
5 	7.49 	3744.4 	0.9074
6 	6.43 	3212.3 	0.5553
7 	6.41 	3203.9 	0.5479
8 	4.32 	2159.2 	0.0772
9 	4.31 	2154.2 	0.1063
10 	4.30 	2151.1 	0.1262
11 	4.29 	2146.7 	0.1249
12 	4.29 	2143.6 	0.0998
13 	4.28 	2138.6 	0.0875
14	4.20 	2098.9 	0.2193
15 	2.35 	1174.1 	0.2785
16 	2.34 	1170.5 	0.2789
17 	2.33 	1165.7 	0.4983
18 	2.33 	1164.1 	0.4740
19 	2.32 	1158.0 	0.3780
20 	2.31 	1155.6 	0.3816
21 	2.20 	1098.7 	0.0844
22 	2.19 	1093.9 	0.1094
23 	2.18 	1090.8 	0.1242
24 	2.17 	1085.3 	0.1934
25 	2.16 	1077.6 	0.1912
26 	2.14 	1071.9 	0.1507
27 	2.13 	1064.3 	0.0791
28 	2.08 	1039.5 	0.0962
29 	2.06 	1030.7 	0.1783
30 	2.05 	1024.3 	0.2143
31 	2.03 	1016.6 	0.1717
32 	2.02 	1010.0 	0.1311
33 	2.00 	1001.6 	0.0624

Table of Multiplets
No.	Shift1 (ppm)	Hs	Type	J (Hz)		Atom1	Multiplet1	 (ppm)
1 	2.11 	2 	m 	- 	25 	M07 	1.99 .. 2.21
2 	2.33 	1 	m 	- 	26 	M06 	2.27 .. 2.40
3 	4.20 	1 	br. s. 	- 	12 	M05 	4.17 .. 4.24
4 	4.30 	1 	m 	- 	24 	M04 	4.24 .. 4.34
5 	6.42 	1 	d 	8.43 	15 19 	M03 	6.33 .. 6.46
6 	7.50 	1 	d 	8.43 	18 	M02 	7.43 .. 7.56
7 	8.01 	1 	d 	7.33 	16 	M01 	7.95 .. 8.05
8 	8.49 	1 	s 	- 	6 	M00 	8.42 .. 8.56

Table of Assignments
No.	Atom	Exp. Shift (ppm)	Multiplet
1 	4 	5.09 	M01
2 	3 	9.39 	M00