Table of Peaks
No.	(ppm)	(Hz)	Height
1	3.844	2307.69	1.0000
2	3.857	2315.39	0.0494
3	3.862	2318.69	0.1264
4	3.870	2323.04	0.0929
5	3.908	2345.82	0.0967
6	3.913	2349.01	0.1304
7	3.918	2352.31	0.0500
8	3.929	2358.53	0.0549
9	3.934	2361.77	0.0674
10	3.940	2365.19	0.0279
11	4.265	2560.67	0.0396
12	4.273	2564.96	0.0931
13	4.278	2568.21	0.0988
14	4.285	2572.44	0.0516
15	4.292	2576.35	0.0470
16	4.297	2579.65	0.0499
17	4.303	2582.95	0.0193
18	4.429	2658.66	0.0402
19	4.434	2662.13	0.0410
20	4.443	2667.24	0.0428
21	4.448	2669.99	0.0938
22	4.456	2674.84	0.1294
23	4.463	2679.46	0.0886
24	4.746	2849.41	0.0276
25	4.754	2853.76	0.0670
26	4.762	2858.93	0.1088
27	4.771	2864.21	0.0535
28	6.007	3606.37	0.0825
29	6.017	3612.43	0.0814
30	6.086	3653.69	0.1879
31	6.095	3659.03	0.1869
32	8.140	4886.68	0.0508
33	8.250	4952.60	0.1741
34	8.404	5045.03	0.3359
35	8.461	5079.47	0.4054

Table of Multiplets
No.	Shift1 (ppm)	Hs	Type	J (Hz)	Atom1	Multiplet1	 (ppm)
1	3.84		3	s	-	8 20	M13	3.83 .. 3.85
2	3.87		1	t	-	8	M12	3.85 .. 3.88
3	3.91		1	t	-	8	M11	3.90 .. 3.92
4	3.93		0	t	3.33	8	M10	3.92 .. 3.95
5	4.28		1	m	-	3	M09	4.25 .. 4.31
6	4.46		1	t	4.73	2	M08	4.42 .. 4.48
7	4.76		1	t	5.23	1	M07	4.73 .. 4.79
8	6.01		0	d	6.05	5	M06	6.00 .. 6.03
9	6.09		1	d	5.34	5	M05	6.08 .. 6.11
10	8.14		0	s	-	16	M04	8.12 .. 8.16
11	8.25		0	s	-	11	M03	8.24 .. 8.27
12	8.40		1	s	-	16	M02	8.39 .. 8.42
13	8.46		1	s	-	11	M01	8.45 .. 8.48


Table of Assignments
No.	Atom	Exp. Shift (ppm)	Multiplet
1	8		3.84	M13
2	20		3.84	M13
3	8		3.87	M12
4	8		3.91	M11
5	8		3.93	M10
6	3		4.28	M09
7	2		4.46	M08
8	1		4.76	M07
9	5		6.01	M06
10	5		6.09	M05
11	16		8.14	M04
12	11		8.25	M03
13	16		8.40	M02
14	11		8.46	M01