Table of Peaks
No.	Atom	Exp. Shift (ppm)	Multiplet
1	27	1.26	M04
2	26	1.26	M04
3	25	1.26	M04
4	24	1.26	M04
5	23	1.26	M04
6	22	1.26	M04
7	21	1.26	M04
8	20	1.26	M04
9	19	1.26	M04
10	18	1.26	M04
11	17	1.26	M04
12	16	1.26	M04
13	15	1.26	M04
14	14	1.26	M04
15	13	1.26	M04
16	12	1.26	M04
17	11	1.26	M04
18	10	1.26	M04
19	9	1.26	M04
20	8	1.26	M04
21	7	1.26	M04
22	6	1.32	M03
23	5	1.61	M02
24	4	2.34	M01

Table of Multiplets
No.	Shift1 (ppm)	Hs	Type	Atom1										Multiplet1	 (ppm)
1	1.26		40	m	27 26 25 24 23 22 21 20 19 18 17 16 15 14 13 12 11 10 9 8 7	M04	1.21 .. 1.31
2	1.32		2	m	6										M03	1.31 .. 1.37
3	1.61		2	quin	5										M02	1.60 .. 1.68
4	2.34		2	t	4										M01	2.33 .. 2.38

Table of Assignments
No.	(ppm)	(Hz)	Height
1	1.32	795.1	0.0005
2	1.34	804.6	0.0004
3	1.35	811.4	0.0003
4	1.61	969.3	0.0002
5	1.63	976.9	0.0005
6	1.64	984.8	0.0007
7	1.65	992.1	0.0005
8	1.66	999.5	0.0001
9	2.34	1406.3	0.0007
10	2.35	1413.5	0.0013
11	2.37	1421.3	0.0007