Table of Peaks
No.	(ppm)	Height
1	0.84	0.3205
2	0.85	0.6220
3	0.87	0.2814
4	1.22	0.0150
5	1.22	0.0167
6	1.23	0.0574
7	1.23	0.0578
8	1.24	0.1221
9	1.25	0.0611
10	1.25	0.1140
11	1.26	0.0984
12	1.27	0.0900
13	1.27	0.1087
14	1.27	0.1110
15	1.28	0.1327
16	1.28	0.1315
17	1.29	0.1009
18	1.30	0.0379
19	1.31	0.0390
20	1.32	0.0074
21	1.32	0.0071
22	1.51	0.0494
23	1.53	0.1445
24	1.54	0.2033
25	1.55	0.1467
26	1.56	0.0481
27	2.20	1.0000
28	2.53	0.1756
29	2.54	0.3102
30	2.55	0.1600

Table of Multiplets
No.	Shift1 (ppm)	Hs	Type	J (Hz)	Atom1	Multiplet1	 (ppm)
1	0.85		3	t	7.18	7	M05		0.83 .. 0.87
2	1.26		4	m	-	6 5	M04		1.21 .. 1.33
3	1.53		2	quin	-	4	M03		1.50 .. 1.58
4	2.20		3	s	-	8	M02		2.16 .. 2.23
5	2.54		2	t	7.40	3	M01		2.49 .. 2.57

Table of Assignments
No.	Atom	Exp. Shift (ppm)	Multiplet
1	7	0.85			M05
2	6	1.26			M04
3	5	1.26			M04
4	4	1.53			M03
5	8	2.20			M02
6	3	2.54			M01

