Table of Peaks
No.	(ppm)	(Hz)	Height
1	3.275	1962.98	0.0292
2	3.280	1965.98	0.0106
3	3.289	1971.55	0.0445
4	3.293	1973.69	0.0147
5	3.299	1977.29	0.0117
6	3.304	1980.23	0.0315
7	3.489	2091.11	0.0342
8	3.493	2093.53	0.0203
9	3.504	2100.34	0.0553
10	3.507	2102.21	0.0843
11	3.513	2105.48	0.0477
12	3.518	2108.53	0.1014
13	3.521	2110.37	0.0603
14	3.522	2111.38	0.0539
15	3.528	2114.60	0.0681
16	3.543	2123.66	0.0193
17	3.570	2139.86	0.0339
18	3.576	2143.63	0.0345
19	3.586	2149.64	0.0420
20	3.593	2153.40	0.0432
21	3.717	2228.11	0.0410
22	3.724	2232.29	0.0712
23	3.729	2235.14	0.0251
24	3.733	2237.59	0.0626
25	3.740	2241.85	0.0607
26	3.749	2247.06	0.0297
27	4.077	2443.81	0.0663
28	4.094	2453.89	0.0620
29	4.642	2782.19	0.0308
30	4.655	2790.15	0.0277
31	5.246	3144.71	0.0635
32	5.253	3148.48	0.0639

Table of Multiplets
No.	Shift1 (ppm)	Hs	Type	J (Hz)	Atom1	Multiplet1	 (ppm)
1	3.289	1	t	8.62	3	M07	3.271 .. 3.309
2	3.514	2	m	-	4 5	M06	3.484 .. 3.548
3	3.581	1	dd	9.78 3.76	3	M05	3.567 .. 3.596
4	3.733	2	m	-	4 6	M04	3.710 .. 3.755
5	4.085	1	d	10.08	6	M03	4.070 .. 4.101
6	4.648	1	d	7.97	2	M02	4.635 .. 4.666
7	5.249	1	d	3.76	2	M01	5.238 .. 5.262

Table of Assignments
No.	Atom	Exp. Shift (ppm)	Multiplet
1	3	3.289	M07
2	4	3.514	M06
3	5	3.514	M06
4	3	3.581	M05
5	4	3.733	M04
6	6	3.733	M04
7	6	4.085	M03
8	2	4.648	M02
9	2	5.249	M01
