Table of Peaks
No.	(ppm)	Height
1	0.84	0.0303
2	0.86	0.0950
3	0.87	0.0340
4	1.26	0.0032
5	1.27	0.0194
6	1.27	0.0321
7	1.28	0.0659
8	1.28	0.0525
9	1.29	0.0552
10	1.30	0.0146
11	1.30	0.0119
12	1.32	0.0115
13	1.32	0.0171
14	1.33	0.0273
15	1.33	0.0287
16	1.34	0.0372
17	1.35	0.0258
18	1.35	0.0261
19	1.36	0.0108
20	1.37	0.0081
21	1.38	0.0075
22	1.38	0.0086
23	1.39	0.0061
24	1.40	0.0046
25	1.80	0.0032
26	1.80	0.0039
27	1.81	0.0066
28	1.81	0.0066
29	1.82	0.0085
30	1.83	0.0126
31	1.84	0.0111
32	1.84	0.0130
33	1.84	0.0148
34	1.85	0.0126
35	1.86	0.0102
36	1.87	0.0087
37	1.87	0.0083
38	1.88	0.0052
39	1.89	0.0034
40	1.89	0.0020
41	1.90	0.0017
42	3.71	0.0243
43	3.72	0.0292
44	3.72	0.0279
45	3.73	0.0244

Table of Multiplets
No.	Shift1 (ppm)	Hs	Type	Atom1		Multiplet1	 (ppm)
1	0.85		3	t	11		M04		0.83 .. 0.89
2	1.28		8	m	10 9 8 7	M03		1.24 .. 1.42
3	1.80		2	m	6		M02		1.79 .. 1.91
4	3.71		1	dd	4		M01		3.70 .. 3.74

Table of Assignments
No.	Atom	Exp. Shift (ppm)	Multiplet
1	11	0.85			M04
2	10	1.28			M03
3	9	1.28			M03
4	8	1.28			M03
5	7	1.28			M03
6	6	1.80			M02
7	4	3.71			M01

