Table of Peaks
No.	(ppm)	Height
1	3.21	1.0000
2	3.66	0.0364
3	3.66	0.0265
4	3.67	0.0402
5	3.67	0.0274
6	3.68	0.0410
7	4.16	0.0078
8	4.17	0.0121
9	4.17	0.0095
10	4.18	0.0129
11	4.18	0.0162
12	4.19	0.0152
13	4.19	0.0170
14	4.20	0.0136
15	4.25	0.0105
16	4.25	0.0264
17	4.26	0.0226
18	4.26	0.0359
19	4.26	0.0231
20	4.26	0.0257
21	4.27	0.0304
22	4.27	0.0247
23	4.27	0.0184
24	4.28	0.0085
25	4.31	0.0556
26	4.31	0.0634
27	4.32	0.0660
28	4.33	0.0624
29	4.37	0.0068
30	4.37	0.0132
31	4.38	0.0195
32	4.38	0.0223
33	4.38	0.0293
34	4.39	0.0301
35	4.39	0.0233
36	4.39	0.0207
37	4.40	0.0143
38	4.40	0.0078
39	5.98	0.0681
40	5.99	0.0708
41	6.11	0.0882
42	6.12	0.0882
43	7.92	0.0922
44	7.94	0.0883

Table of Multiplets
No.	Shift1 (ppm)	Hs	Type	J (Hz)		Atom1		Multiplet1	 (ppm)
1	3.21		9	s	-		28 30 31	M09		3.19 .. 3.24
2	3.66		2	m	-		26		M08		3.64 .. 3.70
3	4.16		1	m	-		14		M07		4.15 .. 4.21
4	4.25		2	m	-		14 5		M06		4.24 .. 4.29
5	4.32		2	ddd	8.64 4.62	3 4		M05		4.29 .. 4.35
6	4.37		2	m	-		25		M04		4.35 .. 4.42
7	5.98		1	d	4.24		2		M03		5.97 .. 6.00
8	6.11		1	d	7.59		10		M02		6.09 .. 6.13
9	7.93		1	d	7.59		11		M01		7.91 .. 7.95

Table of Assignments
No.	Atom	Exp. Shift (ppm)	Multiplet
1	28	3.21		M09
2	30	3.21		M09
3	31	3.21		M09
4	26	3.66		M08
5	14	4.16		M07
6	14	4.25		M06
7	5	4.25		M06
8	3	4.32		M05
9	4	4.32		M05
10	25	4.37		M04
11	2	5.98		M03
12	10	6.11		M02
13	11	7.93		M01

