Table of Peaks

No. 	(ppm) 	(Hz) 	Height
1 	4.11 	2053.7 	0.5669 	
2 	4.10 	2048.7 	0.6045 	
3 	2.29 	1142.6 	0.0318 	
4 	2.27 	1135.6 	0.0432 	
5 	2.26 	1128.8 	0.0862 	
6 	2.24 	1121.9 	0.1651 	
7 	2.23 	1114.8 	0.1766 	
8 	2.22 	1107.9 	0.1020 	
9 	2.20 	1100.9 	0.0260 	
10 	1.75 	872.7 	0.0144 	
11 	1.73 	865.3 	0.0690 	
12 	1.72 	857.8 	0.1156 	
13 	1.70 	851.4 	0.1289 	
14 	1.69 	844.1 	0.1527 	
15 	1.67 	836.6 	0.0983 	
16 	1.66 	829.2 	0.0300 	
17 	1.65 	825.9 	0.0162 	
18 	1.65 	824.6 	0.0123 	
19 	1.53 	764.5 	0.0157 	
20 	1.51 	757.2 	0.0738 	
21 	1.50 	750.5 	0.1203 	
22 	1.49 	743.4 	0.1437 	
23 	1.47 	736.2 	0.1075 	
24 	1.46 	729.7 	0.0651 	
25 	1.44 	722.1 	0.0212 	
26 	1.44 	718.4 	0.0292 	
27 	1.19 	594.7 	0.9885 	
28 	1.18 	587.9 	1.0000 	
29 	0.95 	476.6 	0.4662 	
30 	0.94 	469.1 	0.9411 	
31 	0.92 	461.7 	0.4598 	


Table of Multiplets

No. 	Shift1 (ppm) 	Hs 	Type 	J (Hz) 	Atom1 	Multiplet1 	 (ppm)
1 	4.10 	14 	d 	5.08 	4 	M01 	4.01 .. 4.16
2 	2.24 	8 	m 	- 	8 	M02 	2.19 .. 2.30
3 	1.69 	7 	m 	- 	9 	M03 	1.63 .. 1.76
4 	1.48 	7 	m 	- 	9 	M04 	1.42 .. 1.54
5 	1.18 	20 	d 	6.86 	11 	M05 	1.13 .. 1.21
6 	0.94 	18 	t 	7.43 	10 	M06 	0.91 .. 0.97


Table of Assignments

No. 	Atom 	Exp. Shift (ppm) 	Multiplet
1 	4 	4.10 	M01
2 	8 	2.24 	M02
3 	9 	1.69 	M03
4 	9 	1.48 	M04
5 	11 	1.18 	M05
6 	10 	0.94 	M06
