Table of Peaks

No. 	(ppm) 	(Hz) 	Height
1 	7.47 	3735.8 	0.0628 	
2 	7.47 	3734.1 	0.0461 	
3 	7.46 	3728.2 	0.1781 	
4 	7.45 	3721.4 	0.2794 	
5 	7.42 	3709.3 	0.3849 	
6 	7.41 	3705.1 	0.1730 	
7 	7.41 	3701.8 	0.1919 	
8 	7.40 	3698.1 	0.0581 	
9 	4.58 	2290.0 	0.0959 	
10 	4.56 	2281.3 	0.0991 	
11 	3.24 	1619.5 	0.0191 	
12 	3.23 	1612.9 	0.0654 	
13 	3.21 	1606.2 	0.0735 	
14 	3.21 	1604.3 	0.0712 	
15 	3.20 	1597.6 	0.0650 	
16 	3.18 	1591.0 	0.0194 	
17 	2.56 	1281.6 	1.0000 	
18 	0.95 	477.0 	0.3648 	
19 	0.94 	470.4 	0.3605 	


Table of Multiplets

No. 	Shift1 (ppm) 	Hs 	Type 	J (Hz) 	Atom1 	Multiplet1 	 (ppm)
1 	7.44 	46 	m 	- 	4 5 6 3 2 	M01 	7.35 .. 7.50
2 	4.57 	5 	d 	8.74 	7 	M02 	4.53 .. 4.61
3 	3.21 	8 	m 	- 	9 	M03 	3.16 .. 3.25
4 	2.56 	20 	s 	- 	11 	M04 	2.55 .. 2.58
5 	0.95 	16 	d 	6.63 	12 	M05 	0.92 .. 0.97


Table of Assignments

No. 	Atom 	Exp. Shift (ppm) 	Multiplet
1 	2 	7.44 	M01
2 	3 	7.44 	M01
3 	6 	7.44 	M01
4 	5 	7.44 	M01
5 	4 	7.44 	M01
6 	7 	4.57 	M02
7 	9 	3.21 	M03
8 	11 	2.56 	M04
9 	12 	0.95 	M05
