Table of Peaks
No. 	(ppm) 	(Hz) 	Height
1 	0.88 	437.9 	0.2831 	
2 	0.89 	444.9 	0.5708 	
3 	0.90 	451.6 	0.2655 	
4 	1.28 	638.6 	1.0000 	
5 	1.32 	660.3 	0.7928 	
6 	1.61 	806.9 	0.0580 	
7 	1.63 	814.3 	0.1634 	
8 	1.64 	821.6 	0.2086 	
9 	1.66 	828.5 	0.1369 	
10 	1.67 	835.6 	0.0410 	
11 	2.02 	1007.3 	0.3211 	
12 	2.03 	1012.9 	0.3463 	
13 	2.34 	1171.0 	0.2803 	
14 	2.36 	1178.5 	0.4755 	
15 	2.37 	1186.1 	0.2452 	
16 	5.36 	2677.7 	0.0260 	

Table of Multiplets
No. 	Shift1 (ppm) 	Hs 	Type 	Atom1 	Multiplet1 	 (ppm)
1 	0.89 	3 	t 	20 	M05 	0.85 .. 0.93
2 	1.31 	20 	m 	19 18 17 16 15 14 9 8 7 6 	M04 	1.22 .. 1.40
3 	1.64 	2 	m 	5 	M03 	1.59 .. 1.69
4 	2.02 	4 	m 	13 10 	M02 	1.96 .. 2.08
5 	2.37 	2 	t 	4 	M01 	2.30 .. 2.43
6 	5.37 	1 	m 	12 11 	M06 	5.32 .. 5.41

Table of Assignments
No. 	Atom 	Exp. Shift (ppm) 	Multiplet
1 	20 	0.89 	M05
2 	19 	1.31 	M04
3 	18 	1.31 	M04
4 	17 	1.31 	M04
5 	16 	1.31 	M04
6 	15 	1.31 	M04
7 	14 	1.31 	M04
8 	9 	1.31 	M04
9 	8 	1.31 	M04
10 	7 	1.31 	M04
11 	6 	1.31 	M04
12 	5 	1.64 	M03
13 	13 	2.02 	M02
14 	10 	2.02 	M02
15 	4 	2.37 	M01
16 	12 	5.37 	M06
17 	11 	5.37 	M06
