Table of Peaks
No.	(ppm)	Height
1	0.73	0.3050
2	0.74	0.3092
3	1.14	0.2995
4	1.15	0.3083
5	1.27	0.0043
6	1.28	0.0086
7	1.29	0.0124
8	1.30	0.0191
9	1.30	0.0172
10	1.31	0.0189
11	1.32	0.0210
12	1.33	0.0157
13	1.33	0.0090
14	1.34	0.0035
15	1.63	0.0039
16	1.64	0.0082
17	1.65	0.0143
18	1.66	0.0210
19	1.67	0.0201
20	1.67	0.0191
21	1.68	0.0208
22	1.69	0.0149
23	1.70	0.0092
24	1.71	0.0043
25	1.95	0.0171
26	1.96	0.0200
27	1.97	0.0172
28	1.97	0.0303
29	1.98	0.0248
30	1.99	0.0208
31	2.00	0.0172
32	2.18	0.0182
33	2.19	0.0206
34	2.20	0.0208
35	2.20	0.0252
36	2.21	0.0271
37	2.21	0.0356
38	2.22	0.0624
39	2.23	0.0701
40	2.24	0.0466
41	2.26	0.0161
42	2.80	0.7636
43	2.82	0.0636
44	2.83	0.1388
45	2.84	0.0761
46	2.99	0.0166
47	3.00	0.0200
48	3.02	0.0307
49	3.02	0.0298
50	3.03	0.0263
51	3.04	0.0233
52	3.12	0.0198
53	3.13	0.0239
54	3.14	0.0255
55	3.15	0.0280
56	3.16	0.0173
57	3.17	0.0155
58	3.18	0.0086
59	3.19	0.0119
60	3.20	0.0323
61	3.21	0.0715
62	3.22	0.0848
63	3.24	0.0362
64	3.25	0.0166
65	3.26	0.0068
66	3.80	0.8897
67	3.81	0.9717
68	3.84	0.8554
69	3.85	1.0000
70	6.71	0.0603
71	6.71	0.0760
72	6.72	0.0685
73	6.73	0.0862
74	6.85	0.1315
75	6.85	0.1561
76	6.95	0.1546
77	6.97	0.2410
78	6.97	0.1728
79	7.02	0.0856
80	7.04	0.1932
81	7.06	0.1044
82	7.06	0.1150
83	7.07	0.0474
84	7.07	0.0531

Table of Multiplets
No.	Shift1 (ppm)	Hs	Type	J (Hz)	Atom1		Multiplet1	 (ppm)
1	0.73		3	d	6.66	21		M17	0.70 .. 0.77
2	1.15		3	d	6.66	13		M16	1.11 .. 1.18
3	1.27		1	m	-	15		M15	1.25 .. 1.36
4	1.63		1	m	-	15		M14	1.62 .. 1.72
5	1.95		1	m	-	14		M13	1.93 .. 2.02
6	2.19		1	d	14.86	14 12		M12	2.16 .. 2.28
7	2.80		3	s	-	18		M11	2.78 .. 2.81
8	2.82		2	t	-	23		M10	2.81 .. 2.87
9	2.99		1	td	-	16		M09	2.98 .. 3.06
10	3.12		1	td	-	16		M08	3.11 .. 3.18
11	3.22		2	m	-	22		M07	3.18 .. 3.28
12	3.83		12	dd	-	10 8 31 33	M06	3.78 .. 3.88
13	6.72		1	dd	-	29		M05	6.69 .. 6.74
14	6.85		1	d	1.82	25		M04	6.83 .. 6.88
15	6.97		2	m	-	28 6		M03	6.94 .. 6.99
16	7.03		2	d	-	3		M02	7.01 .. 7.05
17	7.06		1	dd	-	4		M01	7.05 .. 7.09

Table of Assignments
No.	Atom	Exp. Shift (ppm)	Multiplet
1	21	0.73		M17
2	13	1.15		M16
3	15	1.27		M15
4	15	1.63		M14
5	14	1.95		M13
6	14	2.19		M12
7	12	2.19		M12
8	18	2.80		M11
9	23	2.82		M10
10	16	2.99		M09
11	16	3.12		M08
12	22	3.22		M07
13	10	3.83		M06
14	8	3.83		M06
15	31	3.83		M06
16	33	3.83		M06
17	29	6.72		M05
18	25	6.85		M04
19	28	6.97		M03
20	6	6.97		M03
21	3	7.03		M02
22	4	7.06		M01

