Table of Peaks
No. 	(ppm) 	(Hz) 	Height
1 	6.43 	3215.2 	0.4187 	
2 	6.45 	3224.7 	0.4519 	
3 	7.28 	3638.0 	0.2060 	
4 	7.28 	3638.8 	0.1991 	
5 	7.29 	3645.9 	0.3751 	
6 	7.31 	3653.2 	0.2346 	
7 	7.31 	3653.9 	0.2308 	
8 	7.35 	3671.2 	0.3081 	
9 	7.36 	3679.6 	0.3892 	
10 	7.49 	3744.1 	0.3147 	
11 	7.49 	3745.3 	0.3239 	
12 	7.51 	3751.7 	0.2948 	
13 	7.51 	3753.0 	0.2870 	
14 	7.53 	3764.3 	0.2080 	
15 	7.53 	3765.7 	0.1806 	
16 	7.55 	3772.7 	0.3199 	
17 	7.56 	3779.9 	0.1761 	
18 	7.57 	3781.4 	0.1546 	
19 	7.71 	3855.0 	0.4606 	
20 	7.73 	3864.5 	0.4674 	

Table of Multiplets
No. 	Shift1 (ppm) 	Hs 	Type 	J (Hz) 	Atom1 	Multiplet1 	 (ppm)
1 	6.44 	1 	d 	9.52 	3 	M06 	6.41 .. 6.47
2 	7.29 	1 	td 	- 	9 	M05 	7.27 .. 7.33
3 	7.35 	1 	d 	8.33 	7 	M04 	7.33 .. 7.37
4 	7.50 	1 	dd 	- 	10 	M03 	7.48 .. 7.52
5 	7.55 	1 	t 	- 	8 	M02 	7.52 .. 7.58
6 	7.72 	1 	d 	9.54 	4 	M01 	7.70 .. 7.76

Table of Assignments
No. 	Atom 	Exp. Shift (ppm) 	Multiplet
1 	3 	6.44 	M06
2 	9 	7.29 	M05
3 	7 	7.35 	M04
4 	10 	7.50 	M03
5 	8 	7.55 	M02
6 	4 	7.72 	M01
