Table of Peaks
No.	(ppm)	Height
1	2.05	0.0027
2	2.06	0.0033
3	2.07	0.0041
4	2.07	0.0041
5	2.07	0.0042
6	2.08	0.0042
7	2.08	0.0049
8	2.08	0.0043
9	2.09	0.0040
10	2.09	0.0053
11	2.09	0.0049
12	2.09	0.0043
13	2.10	0.0048
14	2.10	0.0050
15	2.11	0.0039
16	2.12	0.0034
17	2.34	0.0033
18	2.35	0.0068
19	2.35	0.0059
20	2.36	0.0062
21	2.36	0.0074
22	2.37	0.0064
23	2.37	0.0065
24	2.38	0.0055
25	2.38	0.0061
26	2.39	0.0032
27	2.70	0.2814
28	3.04	0.0049
29	3.05	0.0057
30	3.06	0.0052
31	3.07	0.0058
32	3.07	0.0085
33	3.08	0.0082
34	3.09	0.0085
35	3.10	0.0073
36	3.11	0.0035
37	3.12	0.0041
38	3.12	0.0048
39	3.12	0.0048
40	3.13	0.0079
41	3.13	0.0049
42	3.14	0.0047
43	3.14	0.0080
44	3.15	0.0048
45	3.15	0.0047
46	3.15	0.0043
47	3.16	0.0034
48	3.18	0.0076
49	3.19	0.0099
50	3.19	0.0103
51	3.19	0.0083
52	3.21	0.0055
53	3.21	0.0066
54	3.22	0.0063
55	3.22	0.0050
56	3.75	0.2583
57	4.36	0.0155
58	4.37	0.0157
59	4.38	0.0170
60	4.39	0.0166
61	4.67	0.0002
62	4.68	0.0001
63	4.70	-0.0013
64	4.71	-0.0011
65	7.21	0.0106
66	7.21	0.0113
67	7.23	0.0189
68	7.23	0.0183
69	7.23	0.0202
70	7.23	0.0145
71	7.24	0.0170
72	7.24	0.0162
73	7.27	0.0128
74	7.27	0.0136
75	7.28	0.0100
76	7.28	0.0189
77	7.28	0.0157
78	7.29	0.0104
79	7.30	0.0097
80	7.43	0.0295
81	7.43	0.0311
82	7.45	0.0136
83	7.46	0.0222
84	7.46	0.0135
85	7.47	0.0124
86	7.47	0.0188
87	7.47	0.0115
88	8.03	0.0124
89	8.04	0.0152
90	8.04	0.0155
91	8.04	0.0125
92	8.05	0.0123
93	8.05	0.0154
94	8.05	0.0148
95	8.05	0.0118

Table of Multiplets
No.	Shift1 (ppm)	Hs	Type	Atom1	Multiplet1	 (ppm)
1	2.05		1	m	9	M15		2.04 .. 2.13
2	2.34		1	m	9	M14		2.33 .. 2.40
3	2.70		3	s	6	M13		2.69 .. 2.72
4	3.04		1	ddd	10	M12		3.04 .. 3.10
5	3.11		1	m	8	M11		3.11 .. 3.17
6	3.18		1	dd	10	M10		3.17 .. 3.23
7	3.75		3	s	21	M09		3.73 .. 3.78
8	4.36		1	dd	7	M08		4.34 .. 4.41
9	4.67		0	dd	7	M07		4.67 .. 4.72
10	7.21		1	m	18	M06		7.21 .. 7.25
11	7.27		1	m	19	M05		7.26 .. 7.30
12	7.43		1	s	5	M04		7.42 .. 7.44
13	7.45		1	m	20	M03		7.45 .. 7.48
14	7.59		1	d	4	M02		7.58 .. 7.59
15	8.03		1	ddd	17	M01		8.03 .. 8.06

Table of Assignments
No.	Atom	Exp. Shift (ppm)	Multiplet
1	9	2.05			M15
2	9	2.34			M14
3	6	2.70			M13
4	10	3.04			M12
5	8	3.11			M11
6	10	3.18			M10
7	21	3.75			M09
8	7	4.36			M08
9	7	4.67			M07
10	18	7.21			M06
11	19	7.27			M05
12	5	7.43			M04
13	20	7.45			M03
14	4	7.59			M02
15	17	8.03			M01

