Table of Peaks
No.	(ppm)	Height
1	1.32	0.0178
2	1.33	0.0371
3	1.34	0.0354
4	1.34	0.0575
5	1.35	0.0716
6	1.35	0.0758
7	1.36	0.1149
8	1.36	0.0565
9	1.36	0.0650
10	1.37	0.1372
11	1.37	0.0715
12	1.38	0.1017
13	1.38	0.0895
14	1.39	0.0745
15	1.39	0.0725
16	1.40	0.0818
17	1.40	0.0489
18	1.40	0.0455
19	1.41	0.1447
20	1.41	0.0719
21	1.42	0.0958
22	1.42	0.1029
23	1.43	0.0709
24	1.43	0.0609
25	1.43	0.0348
26	1.44	0.0424
27	1.44	0.0464
28	1.45	0.0290
29	1.52	0.0247
30	1.53	0.0409
31	1.54	0.0283
32	1.54	0.0335
33	1.55	0.1574
34	1.56	0.2623
35	1.56	0.2092
36	1.57	0.3250
37	1.57	0.3047
38	1.58	0.2876
39	1.58	0.3875
40	1.59	0.1839
41	1.59	0.1141
42	1.59	0.2743
43	1.60	0.1219
44	1.61	0.1472
45	1.61	0.1036
46	1.62	0.0403
47	1.62	0.0670
48	1.63	0.0142
49	1.63	0.0205
50	1.64	0.0091
51	1.69	0.0614
52	1.70	0.1627
53	1.71	0.1815
54	1.72	0.1850
55	1.73	0.1739
56	1.74	0.0652
57	2.15	0.4868
58	2.16	0.8672
59	2.17	0.4003
60	2.23	0.0705
61	2.24	0.0794
62	2.24	0.1310
63	2.25	0.1584
64	2.26	0.1564
65	2.27	0.1184
66	2.27	0.0801
67	2.28	0.0618
68	2.91	0.0860
69	2.92	0.1691
70	2.93	0.1436
71	2.93	0.0874
72	2.94	0.2754
73	2.95	0.1316
74	2.98	0.1167
75	2.99	0.1212
76	2.99	0.1293
77	3.00	0.0886
78	3.00	0.1285
79	3.01	0.0722
80	3.01	0.0765
81	3.02	0.0645
82	3.39	0.0453
83	3.40	0.1296
84	3.41	0.1362
85	3.41	0.1333
86	3.42	0.0571
87	3.42	0.1232
88	3.43	0.0427

Table of Multiplets
No.	Shift1 (ppm)	Hs	Type	J (Hz)		Atom1		Multiplet1	 (ppm)
1	1.38		2	m	-		7		M08		1.31 .. 1.46
2	1.58		4	m	-		6 8		M07		1.52 .. 1.65
3	1.71		1	m	-		4		M06		1.68 .. 1.75
4	2.16		2	t	7.54		9		M05		2.14 .. 2.18
5	2.26		1	m	-		4		M04		2.23 .. 2.29
6	2.92		0	qt	-		3		M03		2.89 .. 2.96
7	3.00		1	m	-		3		M02		2.97 .. 3.03
8	3.41		1	m	-		5		M01		3.37 .. 3.44

Table of Assignments
No.	Atom	Exp. Shift (ppm)	Multiplet
1	7	1.38			M08
2	6	1.58			M07
3	8	1.58			M07
4	4	1.71			M06
5	9	2.16			M05
6	4	2.26			M04
7	3	2.92			M03
8	3	3.00			M02
9	5	3.41			M01

