Table of Peaks

No. 	(ppm) 	(Hz) 	Height
1 	8.51 	4256.0 	0.3450 	
2 	8.42 	4209.5 	0.1963 	
3 	6.13 	3061.6 	0.1946 	
4 	6.12 	3056.5 	0.1740 	
5 	4.43 	2212.0 	0.0079 	
6 	4.42 	2206.8 	0.0476 	
7 	4.40 	2201.2 	0.0283 	
8 	4.35 	2173.1 	0.0203 	
9 	4.34 	2168.5 	0.0141 	
10 	4.34 	2167.4 	0.0101 	
11 	4.34 	2167.0 	0.0098 	
12 	4.33 	2164.0 	0.0142 	
13 	4.32 	2161.3 	0.0429 	
14 	4.31 	2156.3 	0.0157 	
15 	3.00 	1497.2 	0.0336 	
16 	2.99 	1492.1 	0.0456 	
17 	2.98 	1489.0 	0.0089 	
18 	2.98 	1487.5 	0.0066 	
19 	2.97 	1486.0 	0.0109 	
20 	2.97 	1482.9 	0.1247 	
21 	2.96 	1478.0 	0.0972 	
22 	2.95 	1473.5 	0.0123 	
23 	2.94 	1470.3 	0.1089 	
24 	2.93 	1466.5 	0.0225 	
25 	2.93 	1463.3 	0.1235 	
26 	2.91 	1456.2 	0.0384 	
27 	2.90 	1449.0 	0.0357 	
28 	2.10 	1048.8 	1.0000 	


Table of Multiplets

No. 	Shift1 (ppm) 	Hs 	Type 	J (Hz) 	Atom1 	Multiplet1 	 (ppm)
1 	8.51 	13 	s 	- 	7 	M01 	8.49 .. 8.55
2 	8.42 	8 	s 	- 	12 	M02 	8.39 .. 8.44
3 	6.12 	14 	d 	5.03 	2 	M03 	6.10 .. 6.14
4 	4.41 	2 	m 	- 	3 	M04 	4.39 .. 4.43
5 	4.33 	3 	m 	- 	5 4 	M05 	4.30 .. 4.36
6 	2.95 	23 	m 	- 	17 	M06 	2.88 .. 3.01
7 	2.10 	33 	s 	- 	19 	M07 	2.06 .. 2.13


Table of Assignments

No. 	Atom 	Exp. Shift (ppm) 	Multiplet
1 	7 	8.51 	M01
2 	12 	8.42 	M02
3 	2 	6.12 	M03
4 	3 	4.41 	M04
5 	4 	4.33 	M05
6 	5 	4.33 	M05
7 	17 	2.95 	M06
8 	19 	2.10 	M07
