Table of Peaks
No.	(ppm)	(Hz)	Height
1	4.154	2076.48	0.0303
2	4.162	2080.10	0.0354
3	4.164	2081.36	0.0353
4	4.172	2085.06	0.0408
5	4.178	2088.20	0.0823
6	4.185	2091.79	0.0984
7	4.187	2092.96	0.1000
8	4.196	2097.16	0.1262
9	4.204	2101.26	0.0878
10	4.210	2104.12	0.0762
11	4.216	2107.51	0.0860
12	4.227	2112.90	0.0264
13	4.233	2115.76	0.0259
14	4.240	2119.26	0.0301
15	4.308	2153.10	0.0329
16	4.310	2154.33	0.0356
17	4.317	2157.61	0.0632
18	4.323	2160.97	0.0981
19	4.326	2162.41	0.0965
20	4.330	2164.40	0.0895
21	4.333	2165.82	0.0828
22	4.340	2169.41	0.0348
23	4.574	2286.22	0.0188
24	4.583	2290.79	0.0139
25	4.591	2294.80	0.0111
26	5.913	2955.71	0.6700
27	5.925	2961.50	0.6601
28	8.119	4057.92	1.0000
29	8.176	4086.65	0.3743

Table of Multiplets
No.	Shift1 (ppm)	Hs	Type	J (Hz)	Atom1	Multiplet1	 (ppm)
1	4.195	1	m	-	17	M05	4.143 .. 4.256
2	4.323	1	m	-	5	M04	4.281 .. 4.370
3	4.583	1	m	-	4	M03	4.564 .. 4.601
4	5.919	2	d	5.79	2	M02	5.896 .. 5.940
5	8.119	1	s	-	7	M01	8.095 .. 8.148

Table of Assignments
No.	Atom	Exp. Shift (ppm)	Multiplet
1	17	4.195	M05
2	5	4.323	M04
3	4	4.583	M03
4	2	5.919	M02
5	7	8.119	M01
