Table of Peaks 
No. 	(ppm) 	(Hz) 	Height 
1 	3.76 	2256.7 	0.1688 
2 	3.75 	2250.6 	0.3232 
3 	3.74 	2244.6 	0.1723 
4 	3.74 	2239.8 	0.1610 
5 	3.73 	2233.0 	0.2302 
6 	3.72 	2227.3 	0.1604 
7 	1.94 	1162.6 	0.0405 
8 	1.93 	1156.9 	0.0468 
9 	1.92 	1153.6 	0.0572 
10 	1.92 	1151.4 	0.0597 
11 	1.92 	1147.9 	0.1220 
12 	1.91 	1142.4 	0.1463 
13 	1.90 	1137.2 	0.1818 
14 	1.89 	1134.5 	0.1699 
15 	1.88 	1128.4 	0.1682 
16 	1.88 	1125.1 	0.0874 
17 	1.87 	1121.8 	0.1179 
18 	1.86 	1115.6 	0.0731 
19 	1.85 	1108.1 	0.0442 
20 	1.84 	1104.6 	0.0521 
21 	1.83 	1096.9 	0.0279 
22 	1.82 	1090.1 	0.0204 
23 	1.48 	884.7 	0.0301 
24 	1.46 	876.1 	0.0908 
25 	1.45 	868.4 	0.1181 
26 	1.43 	859.8 	0.0830 
27 	1.42 	851.9 	0.0456 

Table of Multiplets 
No. 	Shift1 (ppm) 	Hs 	Type 	J (Hz) 	Atom1 	Multiplet1 	(ppm) 
1 	1.45 2 	m 	- 	7 	M02 	1.36 .. 1.49 
2 	1.88 4 	m 	- 	8 6 	M01 	1.79 .. 1.96 
3 	3.74 2 	m 	- 	9 4 	M00 	3.70 .. 3.78 
 
Table of Assignments
No. 	Atom Exp. 	Shift (ppm) 	Multiplet 
1 	4 	3.74 	M00 
2 	6 	1.88 	M01 
3 	7 	1.45 	M02 
4 	8 	1.88 	M01 
5 	9 	3.74 	M00 

