Table of Peaks
No.	(ppm)	(Hz)	Height
1	1.917	958.40	0.8458
2	1.920	959.55	1.0000
3	2.304	1151.73	0.0146
4	2.311	1155.12	0.0148
5	2.316	1157.80	0.0264
6	2.324	1161.53	0.0314
7	2.329	1164.18	0.0208
8	2.332	1165.73	0.0426
9	2.339	1169.17	0.0470
10	2.344	1171.77	0.0805
11	2.352	1175.62	0.0922
12	2.357	1178.20	0.0634
13	2.361	1179.94	0.0732
14	2.365	1182.05	0.0633
15	2.376	1187.42	0.0988
16	2.389	1193.99	0.0855
17	2.417	1208.01	0.0243
18	3.968	1983.08	0.0426
19	3.969	1983.63	0.0433
20	3.977	1987.63	0.0762
21	3.986	1992.07	0.0657
22	4.116	2057.45	0.0053
23	4.122	2060.13	0.0081
24	4.129	2063.95	0.0127
25	4.132	2065.46	0.0208
26	4.137	2067.61	0.0338
27	4.140	2069.05	0.0438
28	4.142	2070.44	0.0537
29	4.145	2071.79	0.0580
30	4.151	2074.63	0.0564
31	4.172	2085.31	0.0253
32	4.180	2089.32	0.0199
33	4.184	2091.17	0.0183
34	4.191	2094.60	0.0128
35	4.197	2097.67	0.0162
36	4.201	2099.68	0.0118
37	4.207	2102.93	0.0117
38	6.314	3155.81	0.0427
39	6.322	3160.02	0.0673
40	6.328	3162.79	0.0846
41	6.337	3167.46	0.0977
42	6.341	3169.47	0.0474
43	6.350	3173.98	0.0680
44	7.731	3864.29	0.1242
45	7.734	3865.52	0.1507
46	7.787	3891.94	0.1255
47	7.789	3893.16	0.1284

Table of Multiplets
No.	Shift1 (ppm)	Hs	Type	J (Hz)	Atom1	Multiplet1	 (ppm)
1	1.919	3	d	1.14	19	M07	1.893 .. 1.952
2	2.348	2	m	-	3	M06	2.286 .. 2.439
3	3.975	1	m	-	13	M05	3.957 .. 3.999
4	4.159	1	m	-	5	M04	4.103 .. 4.228
5	6.332	1	m	-	2	M03	6.301 .. 6.363
6	7.732	1	d	1.24	11	M02	7.720 .. 7.750
7	7.788	1	d	1.21	11	M01	7.776 .. 7.803

Table of Assignments
No.	Atom	Exp. Shift (ppm)	Multiplet
1	19	1.919	M07
2	3	2.348	M06
3	13	3.975	M05
4	5	4.159	M04
5	2	6.332	M03
6	11	7.732	M02
7	11	7.788	M01
