Table of Peaks
No.	(ppm)	(Hz)	Height
1	0.808	485.33	0.9082
2	0.820	492.26	0.9300
3	0.833	499.96	0.0815
4	0.838	503.37	0.0759
5	0.853	511.85	0.0885
6	0.858	515.31	0.0931
7	0.874	524.67	0.0456
8	0.880	528.08	0.0474
9	0.910	546.24	0.8693
10	0.921	552.84	0.9528
11	0.925	555.48	1.0000
12	0.937	562.52	0.9301
13	0.943	565.82	0.1816
14	0.944	566.87	0.1835
15	0.963	577.87	0.2525
16	0.967	580.62	0.1051
17	0.983	590.14	0.1545
18	0.989	593.77	0.1001
19	1.005	603.40	0.0367
20	1.011	606.76	0.0404
21	1.087	652.75	0.0375
22	1.092	655.78	0.0652
23	1.098	658.92	0.0384
24	1.104	662.93	0.0417
25	1.109	665.74	0.0813
26	1.113	668.16	0.0734
27	1.118	671.13	0.0320
28	1.130	678.17	0.0475
29	1.135	681.31	0.0284
30	1.389	834.10	0.0092
31	1.395	837.18	0.0161
32	1.400	840.70	0.0278
33	1.406	844.06	0.0280
34	1.410	846.26	0.0314
35	1.411	847.36	0.0362
36	1.414	849.12	0.0379
37	1.420	852.53	0.0523
38	1.426	855.83	0.0469
39	1.431	859.08	0.0492
40	1.437	862.65	0.0366
41	1.440	864.41	0.0323
42	1.445	867.66	0.0245
43	1.451	870.91	0.0216
44	1.456	874.37	0.0133
45	1.462	877.51	0.0067
46	1.592	955.91	0.0347
47	1.598	959.05	0.0979
48	1.603	962.35	0.1036
49	1.609	965.71	0.0418
50	1.614	968.95	0.0336
51	1.619	972.20	0.0906
52	1.625	975.55	0.0979
53	1.630	978.80	0.0412
54	1.644	986.89	0.0270
55	1.649	990.13	0.0648
56	1.653	992.28	0.0779
57	1.658	995.36	0.0577
58	1.664	999.16	0.0359
59	1.671	1002.95	0.0619
60	1.674	1005.10	0.0758
61	1.679	1008.18	0.0567
62	1.948	1169.50	0.0421
63	1.952	1171.75	0.0595
64	1.955	1173.51	0.0771
65	1.957	1175.11	0.0732
66	1.961	1177.09	0.0514
67	1.964	1179.24	0.0440
68	1.968	1181.49	0.0445
69	1.972	1183.80	0.0588
70	1.975	1185.56	0.0747
71	1.978	1187.21	0.0710
72	1.981	1189.14	0.0489
73	1.984	1191.18	0.0372
74	2.144	1287.13	0.0209
75	2.149	1289.88	0.0216
76	2.156	1294.12	0.0517
77	2.160	1296.87	0.0524
78	2.167	1301.11	0.0678
79	2.172	1303.86	0.0672
80	2.179	1308.09	0.0500
81	2.183	1310.79	0.0483
82	2.191	1315.08	0.0198
83	2.195	1317.83	0.0184
84	3.412	2048.49	0.0621

Table of Multiplets
No.	Shift1 (ppm)	Hs	Type	J (Hz)		Atom1	Multiplet1	 (ppm)
1	0.81		3	d	6.93		11	M12	0.80 .. 0.83
2	0.85		1	dd	11.91 3.44	4	M11	0.83 .. 0.89
3	0.92		3	d	6.60		8	M10	0.90 .. 0.92
4	0.93		3	d	7.04		10	M09	0.92 .. 0.94
5	0.98		2	m	-		5 2	M08	0.94 .. 1.02
6	1.11		1	m	-		6	M07	1.08 .. 1.14
7	1.41		1	m	-		3	M06	1.38 .. 1.47
8	1.61		1	dq	13.15 3.25	5	M05	1.58 .. 1.64
9	1.66		1	dt	12.82 2.61	4	M04	1.64 .. 1.69
10	1.97		1	ddd	-		2	M03	1.94 .. 1.99
11	2.17		1	m	-		9	M02	2.13 .. 2.21
12	3.41		1	br. s.	-		1	M01	3.37 .. 3.45
 
Table of Assignments
No.	Atom	Exp. Shift (ppm)	Multiplet
1	11	0.81		M12
2	4	0.85		M11
3	8	0.92		M10
4	10	0.93		M09
5	5	0.98		M08
6	2	0.98		M08
7	6	1.11		M07
8	3	1.41		M06
9	5	1.61		M05
10	4	1.66		M04
11	2	1.97		M03
12	9	2.17		M02
13	1	3.41		M01