Table of Peaks

No. 	(ppm) 	(Hz) 	Height
1 	8.32 	4990.1 	0.6386 	
2 	8.22 	4927.9 	0.7065 	
3 	6.50 	3898.2 	0.1380 	
4 	6.49 	3891.4 	0.2668 	
5 	6.48 	3884.7 	0.1421 	
6 	4.67 	2801.9 	0.0207 	
7 	4.67 	2798.3 	0.0410 	
8 	4.66 	2795.2 	0.0405 	
9 	4.66 	2792.3 	0.0428 	
10 	4.65 	2788.7 	0.0227 	
11 	4.19 	2511.2 	0.0680 	
12 	4.18 	2507.5 	0.1587 	
13 	4.18 	2503.3 	0.1790 	
14 	4.17 	2499.8 	0.0787 	
15 	3.86 	2313.7 	0.0813 	
16 	3.85 	2310.1 	0.0840 	
17 	3.84 	2301.1 	0.1678 	
18 	3.83 	2297.6 	0.1647 	
19 	3.80 	2278.6 	0.1575 	
20 	3.79 	2273.9 	0.1563 	
21 	3.78 	2266.1 	0.0814 	
22 	3.77 	2261.4 	0.0778 	
23 	2.87 	1721.8 	0.0527 	
24 	2.86 	1715.1 	0.0873 	
25 	2.85 	1708.0 	0.1014 	
26 	2.84 	1700.9 	0.1056 	
27 	2.83 	1694.4 	0.0619 	
28 	2.62 	1573.2 	0.0639 	
29 	2.62 	1569.4 	0.0686 	
30 	2.61 	1566.8 	0.0747 	
31 	2.61 	1562.9 	0.0687 	
32 	2.60 	1559.0 	0.0582 	
33 	2.59 	1555.3 	0.0589 	
34 	2.59 	1552.7 	0.0603 	
35 	2.58 	1548.9 	0.0540 	
36 	0.00 	0.0 	1.0000 	


Table of Multiplets

No. 	Shift1 (ppm) 	Hs 	Type 	J (Hz) 	Atom1 	Multiplet1 	 (ppm)
1 	8.32 	1 	s 	- 	7 	M01 	8.30 .. 8.35
2 	8.22 	2 	s 	- 	12 	M02 	8.19 .. 8.25
3 	6.49 	1 	t 	6.76 	2 	M03 	6.44 .. 6.53
4 	4.66 	1 	m 	- 	4 	M04 	4.61 .. 4.71
5 	4.18 	1 	m 	- 	5 	M05 	4.14 .. 4.23
6 	3.85 	1 	m 	- 	16 	M06 	3.81 .. 3.88
7 	3.79 	1 	m 	- 	16 	M07 	3.75 .. 3.82
8 	2.85 	1 	m 	- 	3 	M08 	2.79 .. 2.90
9 	2.60 	1 	ddd 	14.10 6.39 3.79 	3 	M09 	2.54 .. 2.66


Table of Assignments

No. 	Atom 	Exp. Shift (ppm) 	Multiplet
1 	7 	8.32 	M01
2 	12 	8.22 	M02
3 	2 	6.49 	M03
4 	4 	4.66 	M04
5 	5 	4.18 	M05
6 	16 	3.85 	M06
7 	16 	3.79 	M07
8 	3 	2.85 	M08
9 	3 	2.60 	M09
