Table of Peaks
No.	(ppm)	Height
1	2.02	1.0000
2	2.14	0.0061
3	2.15	0.0083
4	2.16	0.0159
5	2.16	0.0125
6	2.17	0.0280
7	2.17	0.0247
8	2.18	0.0349
9	2.18	0.0219
10	2.18	0.0261
11	2.19	0.0193
12	2.20	0.0385
13	2.21	0.0207
14	2.21	0.0223
15	2.21	0.0189
16	2.22	0.0248
17	2.22	0.0211
18	2.23	0.0251
19	2.23	0.0267
20	2.23	0.0213
21	2.24	0.0099
22	2.24	0.0232
23	2.24	0.0177
24	2.25	0.0134
25	2.26	0.0084
26	2.27	0.0080
27	2.61	0.0909
28	2.62	0.0616
29	2.62	0.1373
30	2.62	0.0722
31	2.63	0.0545
32	2.64	0.0550
33	3.81	0.0681
34	3.82	0.0769
35	3.83	0.0729
36	3.83	0.0606

Table of Multiplets
No.	Shift1 (ppm)	Hs	Type	J (Hz)		Atom1		Multiplet1	 (ppm)
1	2.03		3	s	-		9			M04	2.01 .. 2.04
2	2.20		2	m	-		6			M03	2.13 .. 2.28
3	2.62		2	m	-		7			M02	2.59 .. 2.65
4	3.82		1	dd	6.90 5.47	4			M01	3.81 .. 3.84

Table of Assignments
No.	Atom	Exp. Shift (ppm	)	Multiplet
1	9	2.03				M04
2	6	2.20				M03
3	7	2.62				M02
4	4	3.82				M01

