Table of Peaks
No.	(ppm)	(Hz)	Height
1	4.001	2402.10	0.0211
2	4.008	2406.18	0.0300
3	4.016	2410.96	0.0238
4	4.019	2412.78	0.0551
5	4.026	2417.01	0.0773
6	4.034	2421.58	0.0543
7	4.038	2424.00	0.0526
8	4.043	2427.36	0.0668
9	4.045	2428.35	0.0605
10	4.050	2431.59	0.0559
11	4.055	2434.62	0.0231
12	4.062	2438.31	0.0243
13	4.063	2439.02	0.0240
14	4.068	2442.27	0.0190
15	4.502	2702.90	0.0245
16	4.505	2704.38	0.0280
17	4.508	2706.20	0.0446
18	4.510	2707.46	0.0481
19	4.514	2709.94	0.0298
20	4.517	2711.59	0.0378
21	4.520	2713.57	0.0295
22	4.523	2715.50	0.0444
23	4.526	2716.87	0.0487
24	4.529	2719.02	0.0287
25	4.532	2720.61	0.0252

Table of Multiplets
No.	Shift1 (ppm)	Hs	Type	Atom1	Multiplet1	 (ppm)
1	4.03		2	m	7	M02		3.99 .. 4.08
2	4.52		1	m	6	M01		4.49 .. 4.54

Table of Assignments
No.	Atom	Exp. Shift (ppm)	Multiplet
1	7	4.03		M02
2	6	4.52		M01