Table of Peaks
No. 	(ppm) 	(Hz) 	Height
1 	3.24 	1620.5 	0.4304 	
2 	3.26 	1631.3 	0.8208 	
3 	3.29 	1642.2 	0.5204 	
4 	3.32 	1657.8 	0.0568 	
5 	3.33 	1666.0 	0.7866 	
6 	3.34 	1667.5 	0.7498 	
7 	3.35 	1672.2 	1.0000 	
8 	3.36 	1681.8 	0.1097 	
9 	3.41 	1703.5 	0.2619 	
10 	3.41 	1706.5 	0.1705 	
11 	3.42 	1707.9 	0.1453 	
12 	3.43 	1712.7 	0.4528 	
13 	3.43 	1716.0 	0.1684 	
14 	3.44 	1717.3 	0.1757 	
15 	3.44 	1721.7 	0.2213 	
16 	3.56 	1778.0 	0.2546 	
17 	3.57 	1783.5 	0.2840 	
18 	3.58 	1787.2 	0.2455 	
19 	3.58 	1788.6 	0.2718 	
20 	3.59 	1792.7 	0.2798 	
21 	3.59 	1794.1 	0.2700 	
22 	3.60 	1797.8 	0.1860 	
23 	3.61 	1803.3 	0.1814 	
24 	3.66 	1829.1 	0.2265 	
25 	3.66 	1830.6 	0.2041 	
26 	3.67 	1833.5 	0.2021 	
27 	3.67 	1834.8 	0.2043 	
28 	3.68 	1841.5 	0.2968 	
29 	3.69 	1843.9 	0.1918 	
30 	3.70 	1847.2 	0.2439 	
31 	3.86 	1930.1 	0.4755 	
32 	3.86 	1931.0 	0.4508 	
33 	3.89 	1942.2 	0.3305 	
34 	3.89 	1942.8 	0.3281 	
35 	3.95 	1975.9 	0.3362 	
36 	3.96 	1981.4 	0.3203 	
37 	3.98 	1987.0 	0.3228 	
38 	3.99 	1992.5 	0.2997 	

Table of Multiplets
No. 	Shift1 (ppm) 	Hs 	Type 	J (Hz) 	Atom1 	Multiplet1 	 (ppm)
1 	3.97 	1 	dd 	11.19 5.38 	2 	M01 	3.94 .. 3.99
2 	3.87 	1 	d 	12.17 	10 	M02 	3.85 .. 3.90
3 	3.68 	1 	dd 	12.22 4.26 	10 	M03 	3.65 .. 3.70
4 	3.58 	2 	m 	- 	3 	M04 	3.55 .. 3.62
5 	3.43 	2 	m 	- 	4 	M06 	3.40 .. 3.45
6 	3.34 	3 	m 	- 	6 5 	M07 	3.32 .. 3.36
7 	3.26 	2 	t 	10.91 	2 	M05 	3.23 .. 3.30

Table of Assignments
No. 	Atom 	Exp. Shift (ppm) 	Multiplet
1 	2 	3.26 	M05
2 	6 	3.34 	M07
3 	5 	3.34 	M07
4 	4 	3.43 	M06
5 	3 	3.58 	M04
6 	10 	3.68 	M03
7 	10 	3.87 	M02
8 	2 	3.97 	M01