Table of Peaks
No.	(ppm)	Height
1	0.89	0.1058
2	0.90	0.2246
3	0.91	0.1044
4	1.30	1.0000
5	1.34	0.1646
6	1.57	0.0155
7	1.58	0.0521
8	1.59	0.0726
9	1.60	0.0497
10	2.01	0.0679
11	2.02	0.1497
12	2.03	0.1661
13	2.04	0.0691
14	2.26	0.0976
15	2.27	0.1794
16	2.28	0.0954
17	5.31	0.0086
18	5.33	0.0657
19	5.34	0.1216
20	5.34	0.1273
21	5.35	0.0777
22	5.36	0.0104

Table of Multiplets
No.	Shift1 (ppm)	Hs	Type	J (Hz)	Atom1						Multiplet1	 (ppm)
1	0.90		3	t	6.79	24						M06	0.86 .. 0.94
2	1.32		28	m	-	6 7 8 9 10 11 12 13 18 19 20 21 23 22	M05	1.22 .. 1.39
3	1.59		2	m	-	5						M04	1.54 .. 1.65
4	2.03		4	q	6.47	14 17						M03	1.98 .. 2.08
5	2.27		2	t	7.43	4						M02	2.24 .. 2.31
6	5.34		2	m	-	15 16						M01	5.30 .. 5.38

Table of Assignments
No.	Atom	Exp. Shift (ppm)	Multiplet
1	24	0.90	M06
2	6	1.32	M05
3	7	1.32	M05
4	8	1.32	M05
5	9	1.32	M05
6	10	1.32	M05
7	11	1.32	M05
8	12	1.32	M05
9	13	1.32	M05
10	18	1.32	M05
11	19	1.32	M05
12	20	1.32	M05
13	21	1.32	M05
14	23	1.32	M05
15	22	1.32	M05
16	5	1.59	M04
17	14	2.03	M03
18	17	2.03	M03
19	4	2.27	M02
20	15	5.34	M01
21	16	5.34	M01