Table of Peaks
No. 	(ppm) 	(Hz) 	Height
1 	0.71 	353.7 	0.6761 	
2 	0.80 	399.5 	0.5809 	
3 	0.81 	406.5 	0.7221 	
4 	0.83 	414.3 	0.3043 	
5 	0.85 	424.5 	0.4150 	
6 	0.86 	430.5 	0.4051 	
7 	1.02 	510.1 	1.0000 	
8 	1.04 	518.3 	0.4839 	
9 	1.06 	532.1 	0.1392 	
10 	1.09 	543.6 	0.1395 	
11 	1.15 	573.3 	0.1513 	
12 	1.17 	583.0 	0.1978 	
13 	1.18 	592.2 	0.1904 	
14 	1.22 	607.8 	0.1608 	
15 	1.23 	613.9 	0.1282 	
16 	1.26 	630.8 	0.1019 	
17 	1.28 	641.5 	0.0854 	
18 	1.38 	690.0 	0.0673 	
19 	1.39 	696.3 	0.0816 	
20 	1.43 	717.1 	0.1132 	
21 	1.45 	726.7 	0.1442 	
22 	1.46 	731.1 	0.1430 	
23 	1.48 	740.4 	0.1621 	
24 	1.51 	752.8 	0.2563 	
25 	1.52 	758.8 	0.2582 	
26 	1.53 	764.1 	0.2800 	
27 	1.54 	769.5 	0.3141 	
28 	1.68 	838.2 	0.0518 	
29 	1.70 	847.5 	0.0699 	
30 	1.71 	853.0 	0.0775 	
31 	1.72 	857.2 	0.0721 	
32 	1.72 	861.2 	0.0696 	
33 	1.73 	866.6 	0.0595 	
34 	1.75 	875.5 	0.0389 	
35 	1.85 	922.6 	0.1711 	
36 	1.87 	932.4 	0.1370 	
37 	1.97 	982.2 	0.0967 	
38 	1.99 	994.1 	0.1451 	
39 	2.01 	1005.6 	0.1366 	
40 	2.04 	1020.8 	0.1114 	
41 	2.06 	1027.7 	0.1068 	
42 	2.07 	1036.3 	0.0747 	
43 	2.22 	1110.0 	0.0498 	
44 	2.24 	1121.6 	0.1000 	
45 	2.27 	1133.9 	0.0895 	
46 	2.29 	1144.6 	0.1151 	
47 	2.30 	1147.8 	0.1179 	
48 	2.31 	1157.0 	0.0645 	
49 	2.32 	1160.3 	0.0591 	
50 	3.51 	1752.8 	0.0436 	
51 	3.52 	1757.1 	0.0642 	
52 	3.53 	1763.3 	0.0822 	
53 	3.54 	1768.2 	0.1049 	
54 	3.55 	1772.8 	0.0818 	
55 	3.56 	1779.2 	0.0618 	
56 	5.00 	2500.4 	0.0559 	
57 	5.02 	2509.0 	0.0619 	
58 	5.03 	2515.4 	0.0844 	
59 	5.05 	2524.0 	0.0816 	
60 	5.14 	2568.0 	0.1047 	
61 	5.16 	2576.6 	0.1071 	
62 	5.17 	2583.1 	0.0814 	
63 	5.19 	2591.7 	0.0739 	
64 	5.36 	2678.7 	0.1649 	

Table of Multiplets
No. 	Shift1 (ppm) 	Hs 	Type 	J (Hz) 	Atom1 	Multiplet1 	 (ppm)
1 	5.36 	1 	br. s. 	- 	11 	M01 	5.34 .. 5.38
2 	5.16 	1 	dd 	15.08 8.62 	23 	M02 	5.13 .. 5.20
3 	5.03 	1 	dd 	15.03 8.62 	24 	M03 	4.99 .. 5.06
4 	3.53 	1 	m 	- 	16 	M05 	3.50 .. 3.58
5 	2.28 	1 	m 	- 	17 	M06 	2.20 .. 2.34
6 	2.02 	2 	m 	- 	10 15 19 	M07 	1.94 .. 2.09
7 	1.86 	1 	m 	- 	15 14 	M08 	1.81 .. 1.90
8 	1.71 	1 	m 	- 	8 	M09 	1.67 .. 1.76
9 	1.47 	5 	m 	- 	26 28 3 5 10 25 9 	M10 	1.37 .. 1.60
10 	1.17 	5 	m 	- 	8 6 28 7 14 9 	M13 	1.03 .. 1.31
11 	1.02 	2 	s 	- 	4 21 2 20 	M12 	1.01 .. 1.03
12 	0.83 	4 	m 	- 	29 27 30 	M11 	0.78 .. 0.88
13 	0.71 	1 	s 	- 	18 	M04 	0.69 .. 0.73

Table of Assignments
No. 	Atom 	Exp. Shift (ppm) 	Multiplet
1 	18 	0.71 	M04
2 	29 	0.83 	M11
3 	27 	0.83 	M11
4 	30 	0.83 	M11
5 	4 	1.02 	M12
6 	21 	1.02 	M12
7 	2 	1.02 	M12
8 	20 	1.02 	M12
9 	8 	1.17 	M13
10 	6 	1.17 	M13
11 	28 	1.17 	M13
12 	7 	1.17 	M13
13 	14 	1.17 	M13
14 	9 	1.17 	M13
15 	26 	1.47 	M10
16 	28 	1.47 	M10
17 	3 	1.47 	M10
18 	5 	1.47 	M10
19 	10 	1.47 	M10
20 	25 	1.47 	M10
21 	9 	1.47 	M10
22 	8 	1.71 	M09
23 	15 	1.86 	M08
24 	14 	1.86 	M08
25 	10 	2.02 	M07
26 	15 	2.02 	M07
27 	19 	2.02 	M07
28 	17 	2.28 	M06
29 	16 	3.53 	M05
30 	24 	5.03 	M03
31 	23 	5.16 	M02
32 	11 	5.36 	M01
