Table of Peaks

No. 	(ppm) 	(Hz) 	Height
1 	9.36 	4679.6 	0.5049 	
2 	9.20 	4598.5 	0.2881 	
3 	9.19 	4592.3 	0.2953 	
4 	8.89 	4442.9 	0.2723 	
5 	8.87 	4434.8 	0.2854 	
6 	8.49 	4241.8 	0.9470 	
7 	8.26 	4127.2 	0.2164 	
8 	8.24 	4120.7 	0.2648 	
9 	8.24 	4119.4 	0.2608 	
10 	8.23 	4112.9 	0.2044 	
11 	8.21 	4102.1 	1.0000 	
12 	6.22 	3107.0 	0.3852 	
13 	6.20 	3101.3 	0.3931 	
14 	6.12 	3059.3 	0.3377 	
15 	6.11 	3053.8 	0.3425 	
16 	5.12 	2559.7 	0.0978 	
17 	5.11 	2554.3 	0.1673 	
18 	5.10 	2550.5 	0.1245 	
19 	5.10 	2549.1 	0.1237 	
20 	5.09 	2545.2 	0.1559 	
21 	5.08 	2539.7 	0.0798 	
22 	4.66 	2327.6 	0.0924 	
23 	4.65 	2323.6 	0.1279 	
24 	4.64 	2318.7 	0.0953 	
25 	4.56 	2279.5 	0.1940 	
26 	4.56 	2277.4 	0.1463 	
27 	4.53 	2264.2 	0.1234 	
28 	4.52 	2259.0 	0.2479 	
29 	4.51 	2253.7 	0.1551 	
30 	4.46 	2228.5 	0.1974 	
31 	4.45 	2225.7 	0.2045 	
32 	4.45 	2223.6 	0.1839 	
33 	4.44 	2220.8 	0.1620 	
34 	4.39 	2193.9 	0.0592 	
35 	4.38 	2191.6 	0.0709 	
36 	4.38 	2190.1 	0.0709 	
37 	4.38 	2187.6 	0.0605 	
38 	4.37 	2182.0 	0.0885 	
39 	4.36 	2179.6 	0.0994 	
40 	4.36 	2178.0 	0.1028 	
41 	4.35 	2175.8 	0.0774 	
42 	4.31 	2152.6 	0.0560 	
43 	4.30 	2147.8 	0.0878 	
44 	4.29 	2144.8 	0.0673 	
45 	4.28 	2140.8 	0.1177 	
46 	4.28 	2137.9 	0.1278 	
47 	4.27 	2136.0 	0.1362 	
48 	4.27 	2133.0 	0.1697 	
49 	4.26 	2127.2 	0.1149 	
50 	4.25 	2125.2 	0.1166 	
51 	4.25 	2122.7 	0.1172 	
52 	4.24 	2118.5 	0.1872 	
53 	4.23 	2113.7 	0.1504 	
54 	4.21 	2106.3 	0.0640 	
55 	4.21 	2102.1 	0.0390 	


Table of Multiplets

No. 	Shift1 (ppm) 	Hs 	Type 	J (Hz) 	Atom1 	Multiplet1 	 (ppm)
1 	9.36 	2 	s 	- 	39 	M01 	9.33 .. 9.38
2 	9.19 	2 	d 	6.22 	43 	M02 	9.16 .. 9.22
3 	8.88 	2 	d 	8.10 	41 	M03 	8.85 .. 8.91
4 	8.49 	2 	s 	- 	7 	M04 	8.46 .. 8.50
5 	8.24 	2 	dd 	7.82 6.50 	42 	M05 	8.22 .. 8.27
6 	8.21 	2 	s 	- 	12 	M06 	8.18 .. 8.22
7 	6.21 	1 	d 	5.67 	2 	M07 	6.18 .. 6.23
8 	6.12 	1 	d 	5.44 	32 	M08 	6.09 .. 6.14
9 	5.10 	1 	ddd 	9.16 5.44 5.34 	5 	M09 	5.06 .. 5.14
10 	4.65 	1 	m 	- 	4 	M10 	4.62 .. 4.67
11 	4.56 	1 	m 	- 	30 	M11 	4.55 .. 4.58
12 	4.52 	1 	t 	5.24 	33 	M12 	4.50 .. 4.54
13 	4.45 	1 	dd 	4.87 2.77 	34 	M13 	4.43 .. 4.47
14 	4.37 	1 	m 	- 	3 	M14 	4.34 .. 4.40
15 	4.29 	2 	m 	- 	19 29 	M15 	4.26 .. 4.32
16 	4.23 	2 	m 	- 	19 29 	M16 	4.20 .. 4.26


Table of Assignments

No. 	Atom 	Exp. Shift (ppm) 	Multiplet
1 	39 	9.36 	M01
2 	43 	9.19 	M02
3 	41 	8.88 	M03
4 	7 	8.49 	M04
5 	42 	8.24 	M05
6 	12 	8.21 	M06
7 	2 	6.21 	M07
8 	32 	6.12 	M08
9 	5 	5.10 	M09
10 	4 	4.65 	M10
11 	30 	4.56 	M11
12 	33 	4.52 	M12
13 	34 	4.45 	M13
14 	3 	4.37 	M14
15 	29 	4.29 	M15
16 	19 	4.29 	M15
17 	29 	4.23 	M16
18 	19 	4.23 	M16
