Table of Peaks
No.	(ppm)	Height
1	1.20	0.8664
2	1.84	0.0635
3	1.85	0.0934
4	1.86	0.0798
5	1.87	0.3826
6	1.87	0.3686
7	1.99	0.3154
8	2.00	0.3037
9	2.50	0.0719
10	2.51	0.0905
11	2.52	0.0649
12	6.23	0.0359
13	6.25	0.0545
14	6.27	0.0371
15	6.28	0.0422
16	6.29	0.0255
17	6.31	0.0235
18	6.31	0.0250
19	6.35	0.0757
20	6.38	0.0492
21	6.42	0.0451
22	6.44	0.0560
23	6.63	0.0341
24	6.65	0.0357
25	6.66	0.0724
26	6.66	0.0362
27	6.67	0.0325
28	6.67	0.0542

Table of Multiplets
No.	Shift1 (ppm)	Hs	Type	J (Hz)	Atom1		Multiplet1	 (ppm)
1	1.20		12	s	-	8 7 42 41	M10		1.17 .. 1.21
2	1.86		4	t	-	1 31		M09		1.84 .. 1.87
3	1.87		6	d	0.66	33 39		M08		1.87 .. 1.89
4	2.00		12	d	8.31	35 36 37 38	M07		1.96 .. 2.02
5	2.50		4	t	-	30 6		M06		2.48 .. 2.53
6	6.24		2	d	-	26 9		M05		6.21 .. 6.26
7	6.27		4	m	-	12 23 19 16	M04		6.26 .. 6.32
8	6.37		2	d	-	25 10		M03		6.34 .. 6.39
9	6.43		2	d	14.91	14 21		M02		6.41 .. 6.46
10	6.65		4	m	-	22 13 18 17	M01		6.62 .. 6.69

Table of Assignments
No.	Atom	Exp. Shift (ppm)	Multiplet
1	8	1.20			M10
2	7	1.20			M10
3	42	1.20			M10
4	41	1.20			M10
5	1	1.86			M09
6	31	1.86			M09
7	33	1.87			M08
8	39	1.87			M08
9	35	2.00			M07
10	36	2.00			M07
11	37	2.00			M07
12	38	2.00			M07
13	30	2.50			M06
14	6	2.50			M06
15	26	6.24			M05
16	9	6.24			M05
17	12	6.27			M04
18	23	6.27			M04
19	19	6.27			M04
20	16	6.27			M04
21	25	6.37			M03
22	10	6.37			M03
23	14	6.43			M02
24	21	6.43			M02
25	22	6.65			M01
26	13	6.65			M01
27	18	6.65			M01
28	17	6.65			M01
	
