Table of Peaks
No.	(ppm)	(Hz)	Height
1	1.067	639.74	0.9841
2	1.079	646.74	1.0000
3	2.092	1253.85	0.1878
4	2.109	1263.81	0.2050
5	2.116	1268.12	0.2160
6	2.132	1278.08	0.2247
7	2.497	1496.88	0.1982
8	2.506	1502.12	0.2283
9	2.521	1511.18	0.1712
10	2.530	1516.42	0.2070
11	2.584	1548.96	0.0286
12	2.596	1555.90	0.0906
13	2.601	1558.92	0.0439
14	2.605	1561.23	0.0907
15	2.608	1562.90	0.1072
16	2.612	1565.84	0.0993
17	2.616	1568.17	0.0907
18	2.621	1571.10	0.0920
19	2.624	1572.81	0.0955
20	2.628	1575.03	0.0396
21	2.633	1578.13	0.0714
22	2.645	1585.10	0.0210


Table of Multiplets
No.	Shift1 (ppm)	Hs	Type	J (Hz)	Atom1	Multiplet1	 (ppm)
1	1.073	3	d	7.00	5	M03	1.047 .. 1.098
2	2.112	1	dd	14.27 9.96	6	M02	2.073 .. 2.147
3	2.514	1	dd	14.30 5.24	6	M01	2.477 .. 2.544
4	2.614	1	m	-	4	M04	2.568 .. 2.661

Table of Assignments
No.	Atom	Exp. Shift (ppm)	Multiplet
1	5	1.073	M03
2	6	2.112	M02
3	6	2.514	M01
4	4	2.614	M04
