Table of Peaks
No.	(ppm)	Height
1	0.77	1.0000
2	0.90	0.0119
3	0.91	0.0165
4	0.92	0.0342
5	0.93	0.0393
6	0.94	0.0533
7	0.96	0.8380
8	1.06	0.0311
9	1.07	0.0321
10	1.08	0.0513
11	1.08	0.0522
12	1.10	0.0354
13	1.10	0.0336
14	1.25	0.0110
15	1.26	0.0133
16	1.27	0.0393
17	1.28	0.0421
18	1.29	0.0472
19	1.30	0.0482
20	1.31	0.0194
21	1.32	0.0176
22	1.36	0.0102
23	1.36	0.0129
24	1.38	0.0320
25	1.39	0.0386
26	1.39	0.0447
27	1.40	0.0480
28	1.40	0.0538
29	1.41	0.0894
30	1.42	0.0817
31	1.43	0.0537
32	1.44	0.0462
33	1.45	0.0286
34	1.45	0.0300
35	1.47	0.0535
36	1.47	0.0567
37	1.48	0.0429
38	1.49	0.0437
39	1.50	0.0127
40	1.51	0.0125
41	1.55	0.0404
42	1.55	0.0455
43	1.56	0.0288
44	1.56	0.0209
45	1.57	0.0360
46	1.58	0.0574
47	1.59	0.0528
48	1.59	0.0452
49	1.60	0.1533
50	1.61	0.1434
51	1.62	0.0699
52	1.63	0.0589
53	1.63	0.0226
54	1.64	0.0148
55	1.65	0.0113
56	1.71	0.0373
57	1.72	0.0427
58	1.72	0.0415
59	1.73	0.0276
60	1.73	0.0265
61	1.74	0.0374
62	1.74	0.0382
63	1.74	0.0362
64	1.82	0.0305
65	1.83	0.0331
66	1.85	0.0553
67	1.85	0.0523
68	1.87	0.0359
69	1.87	0.0307
70	2.05	0.0370
71	2.06	0.0414
72	2.06	0.0475
73	2.07	0.0480
74	2.07	0.0503
75	2.08	0.0401
76	2.09	0.0328
77	2.10	0.0268
78	2.35	0.0154
79	2.35	0.0278
80	2.36	0.0244
81	2.37	0.0530
82	2.38	0.0684
83	2.38	0.0490
84	2.39	0.0297
85	2.40	0.0317
86	2.40	0.0344
87	2.40	0.0307
88	2.42	0.0389
89	2.42	0.0409
90	2.43	0.0381
91	2.43	0.0998
92	2.44	0.0210
93	2.45	0.0179
94	2.45	0.0146
95	2.46	0.1148
96	2.71	0.1445
97	2.73	0.1205
98	5.31	0.5651
99	6.27	0.1786
100	6.27	0.1806
101	8.33	0.2589

Table of Multiplets
No.	Shift1 (ppm)	Hs	Type	J (Hz)	Atom1		Multiplet1	 (ppm)
1	0.77		3	s	-	22		M15		0.76 .. 0.79
2	0.92		1	m	-	17		M14		0.89 .. 0.95
3	0.96		3	s	-	21		M13		0.95 .. 0.98
4	1.08		1	m	-	7		M12		1.05 .. 1.12
5	1.25		1	qd	-	18		M11		1.24 .. 1.33
6	1.42		3	m	-	12 9 8	M10		1.34 .. 1.52
7	1.60		4	m	-	12 18 11	M09		1.53 .. 1.66
8	1.71		1	m	-	17		M08		1.69 .. 1.76
9	1.85		1	m	-	19		M07		1.81 .. 1.89
10	2.06		1	ddd	-	19		M06		2.04 .. 2.11
11	2.45		3	m	-	16 5		M05		2.33 .. 2.48
12	2.72		1	d	15.90	5		M04		2.69 .. 2.75
13	5.31		1	s	-	24		M03		5.29 .. 5.34
14	6.27		1	d	1.38	14		M02		6.25 .. 6.29
15	8.33		1	s	-	3		M01		8.30 .. 8.35

Table of Assignments
No.	Atom	Exp. Shift (ppm)	Multiplet
1	22	0.77			M15
2	17	0.92			M14
3	21	0.96			M13
4	7	1.08			M12
5	18	1.25			M11
6	12	1.42			M10
7	9	1.42			M10
8	8	1.42			M10
9	12	1.60			M09
10	18	1.60			M09
11	11	1.60			M09
12	17	1.71			M08
13	19	1.85			M07
14	19	2.06			M06
15	16	2.45			M05
16	5	2.45			M05
17	5	2.72			M04
18	24	5.31			M03
19	14	6.27			M02
20	3	8.33			M01

