Table of Peaks
No.	(ppm)	Height
1	0.66	0.0124
2	0.67	0.4123
3	0.69	0.0874
4	0.72	0.3792
5	0.85	0.3705
6	0.87	0.6524
7	0.89	0.3817
8	0.98	0.0334
9	1.00	0.0357
10	1.04	0.0309
11	1.06	0.0344
12	1.09	0.3559
13	1.12	0.0309
14	1.14	0.0347
15	1.20	0.0036
16	1.23	0.0324
17	1.25	0.0407
18	1.30	0.0415
19	1.32	0.0631
20	1.34	0.0309
21	1.39	0.0250
22	1.41	0.0363
23	1.43	0.0605
24	1.44	0.0893
25	1.48	0.1101
26	1.49	0.1298
27	1.51	0.0532
28	1.58	0.0420
29	1.61	0.0744
30	1.63	0.0521
31	1.65	0.0320
32	1.65	0.0329
33	1.67	0.0164
34	1.67	0.0164
35	1.80	0.0690
36	1.82	0.0705
37	1.89	0.0196
38	1.91	0.0315
39	1.93	0.0132
40	1.93	0.0140
41	2.73	0.0361
42	2.75	0.0301
43	2.75	0.0338
44	2.98	0.0153
45	2.99	0.0317
46	2.99	0.0370
47	3.00	0.0371
48	3.01	0.0238
49	5.16	0.0783

Table of Multiplets
No.	Shift1 (ppm)	Hs	Type	J (Hz)	Atom1			Multiplet1	 (ppm)
1	0.68		8	m	-	13 30 26		M12		0.63 .. 0.76
2	0.87		13	t	12.63	27 24 23 29 9		M11		0.81 .. 0.94
3	1.09		6	m	-	20 2 25 14		M10		0.96 .. 1.18
4	1.20		1	d	-	17			M09		1.18 .. 1.27
5	1.31		2	m	-	16 14			M08		1.27 .. 1.37
6	1.44		8	m	-	17 15 10 16 19 9 7	M07		1.36 .. 1.54
7	1.60		3	m	-	2 15 20		M06		1.56 .. 1.71
8	1.81		2	d	8.58	22			M05		1.77 .. 1.85
9	1.93		1	m	-	19			M04		1.86 .. 1.97
10	2.73		1	m	-	3			M03		2.69 .. 2.79
11	2.98		1	m	-	11			M02		2.95 .. 3.05
12	5.16		1	br. s.	-	21			M01		5.11 .. 5.21

Table of Assignments
No.	Atom	Exp. Shift (ppm)	Multiplet
1	13	0.68		M12
2	30	0.68		M12
3	26	0.68		M12
4	27	0.87		M11
5	24	0.87		M11
6	23	0.87		M11
7	29	0.87		M11
8	9	0.87		M11
9	20	1.09		M10
10	2	1.09		M10
11	25	1.09		M10
12	14	1.09		M10
13	17	1.20		M09
14	16	1.31		M08
15	14	1.31		M08
16	17	1.44		M07
17	15	1.44		M07
18	10	1.44		M07
19	16	1.44		M07
20	19	1.44		M07
21	9	1.44		M07
22	7	1.44		M07
23	2	1.60		M06
24	15	1.60		M06
25	20	1.60		M06
26	22	1.81		M05
27	19	1.93		M04
28	3	2.73		M03
29	11	2.98		M02
30	21	5.16		M01

