Table of Peaks
No.	(ppm)	Height
1	3.49	0.7878
2	3.50	0.1772
3	3.51	0.9205
4	3.60	0.2197
5	3.61	0.2337
6	3.61	0.1674
7	3.62	0.3780
8	3.62	0.1473
9	3.62	0.1252
10	3.63	0.0915
11	3.63	0.1506
12	3.63	0.1793
13	3.64	0.2578
14	3.70	0.2147
15	3.70	0.2210
16	3.71	1.0000
17	3.73	0.8412
18	3.73	0.2618
19	3.73	0.2165
20	3.74	0.2977
21	3.74	0.2608
22	3.75	0.2441
23	3.76	0.2824
24	3.83	0.3737
25	3.84	0.6680
26	3.85	0.8912
27	3.85	0.7156
28	3.85	0.4844
29	3.86	0.0744
30	3.89	0.8033
31	3.90	0.6308

Table of Multiplets
No.	Shift1 (ppm)	Hs	Type	J (Hz)	Atom1	Multiplet1	 (ppm)
1	3.50		1	d	11.77	10	M05		3.49 .. 3.52
2	3.62		1	m	-	2	M04		3.59 .. 3.64
3	3.73		2	m	-	10 2	M03		3.69 .. 3.77
4	3.85		2	m	-	3 4	M02		3.83 .. 3.86
5	3.89		1	d	2.81	5	M01		3.88 .. 3.91

Table of Assignments
No.	Atom	Exp. Shift (ppm)	Multiplet
1	10	3.50		M05
2	2	3.62		M04
3	10	3.73		M03
4	2	3.73		M03
5	3	3.85		M02
6	4	3.85		M02
7	5	3.89		M01

