Table of Peaks
No.	(ppm)	Height
1	3.37	0.0359
2	3.39	0.0564
3	3.39	0.0846
4	3.40	0.1328
5	3.41	0.0491
6	3.41	0.0581
7	3.42	0.0599
8	3.42	0.0550
9	3.43	0.0234
10	3.43	0.0262
11	3.44	0.0751
12	3.45	0.1215
13	3.47	0.0805
14	3.49	0.0924
15	3.50	0.1002
16	3.50	0.0563
17	3.52	0.0565
18	3.69	0.0601
19	3.70	0.0592
20	3.71	0.0713
21	3.72	0.0671
22	3.88	0.0747
23	3.88	0.0787
24	3.90	0.0646
25	3.90	0.0619
26	4.56	0.0334
27	4.58	0.0368
28	4.76	0.0271
29	4.78	0.0200
30	4.86	0.1489
31	4.87	0.1318
32	7.01	0.0394
33	7.01	0.0422
34	7.02	0.0828
35	7.03	0.0868
36	7.04	0.0473
37	7.04	0.0491
38	7.20	0.0556
39	7.20	0.0623
40	7.21	0.1069
41	7.21	0.1030
42	7.24	0.0528
43	7.24	0.0580
44	7.25	0.0541
45	7.25	0.0642
46	7.26	0.0266
47	7.27	0.0285
48	7.32	0.0669
49	7.32	0.0596
50	7.32	0.0659
51	7.33	0.0635
52	7.34	0.0601

Table of Multiplets
No.	Shift1 (ppm)	Hs	Type	J (Hz)			Atom1		Multiplet1	 (ppm)
1	3.48		4	m	-			5 6 4 3	M10		3.36 .. 3.53
2	3.70		1	dd	12.02 5.42		17		M09		3.67 .. 3.73
3	3.89		1	dd	12.05 2.15		17		M08		3.87 .. 3.92
4	4.56		0	d	-			19		M07		4.55 .. 4.59
5	4.76		0	d	-			19		M06		4.75 .. 4.79
6	4.87		1	d	7.59			2		M05		4.86 .. 4.88
7	7.02		1	td	-			11		M04		7.00 .. 7.05
8	7.21		1	dd	-			13		M03		7.19 .. 7.22
9	7.25		1	m	-			12		M02		7.23 .. 7.27
10	7.33		1	dd	7.45 1.35		10		M01		7.31 .. 7.35

Table of Assignments
No.	Atom	Exp. Shift (ppm)	Multiplet
1	5	3.48			M10
2	6	3.48			M10
3	4	3.48			M10
4	3	3.48			M10
5	17	3.70			M09
6	17	3.89			M08
7	19	4.56			M07
8	19	4.76			M06
9	2	4.87			M05
10	11	7.02			M04
11	13	7.21			M03
12	12	7.25			M02
13	10	7.33			M01

