Table of Peaks
No.	(ppm)	Height
1	1.15	0.2749
2	1.17	0.6024
3	1.18	0.2875
4	2.29	0.7987
5	3.25	0.1076
6	3.26	0.1591
7	3.26	0.1577
8	3.27	0.1338
9	3.61	1.0000
10	3.80	0.0895
11	3.80	0.0926
12	3.81	0.1400
13	3.81	0.1368
14	3.82	0.0863
15	3.82	0.0891
16	4.06	0.0478
17	4.06	0.0552
18	4.07	0.1559
19	4.08	0.1757
20	4.09	0.1590
21	4.09	0.1667
22	4.10	0.0513
23	4.10	0.0499
24	4.62	0.0919
25	4.64	0.1626
26	4.68	0.1220
27	4.71	0.0562
28	4.71	0.0579
29	5.34	0.1955
30	7.18	0.0390
31	7.18	0.0247
32	7.18	0.0445
33	7.19	0.0715
34	7.19	0.0768
35	7.19	0.0819
36	7.19	0.0768
37	7.19	0.0752
38	7.20	0.0635
39	7.20	0.0632
40	7.26	0.0511
41	7.26	0.0582
42	7.27	0.0864
43	7.28	0.0954
44	7.29	0.0465
45	7.29	0.0487
46	7.36	0.0949
47	7.36	0.1013
48	7.37	0.0838
49	7.37	0.0864
50	7.47	0.0967
51	7.48	0.1055
52	7.49	0.0892
53	7.49	0.0881

Table of Multiplets
No.	Shift1 (ppm)	Hs	Type	J (Hz)		Atom1		Multiplet1	 (ppm)
1	1.17		3	t	7.15		25		M12		1.14 .. 1.19
2	2.29		3	s	-		22		M11		2.27 .. 2.31
3	3.26		2	dd	6.02 4.26	10		M10		3.24 .. 3.28
4	3.61		3	s	-		28		M09		3.60 .. 3.63
5	3.80		2	td	-		9		M08		3.80 .. 3.83
6	4.08		2	ddd	-		24		M07		4.05 .. 4.11
7	4.67		2	dd	-		7		M06		4.61 .. 4.71
8	5.34		1	s	-		4		M05		5.33 .. 5.36
9	7.19		1	m	-		17		M04		7.17 .. 7.21
10	7.26		1	td	-		18		M03		7.25 .. 7.30
11	7.37		1	dd	7.98 1.10	16		M02		7.35 .. 7.38
12	7.48		1	dd	-		19		M01		7.47 .. 7.50

Table of Assignments
No.	Atom	Exp. Shift (ppm)	Multiplet
1	25	1.17			M12
2	22	2.29			M11
3	10	3.26			M10
4	28	3.61			M09
5	9	3.80			M08
6	24	4.08			M07
7	7	4.67			M06
8	4	5.34			M05
9	17	7.19			M04
10	18	7.26			M03
11	16	7.37			M02
12	19	7.48			M01

