Table of Peaks
No. 	(ppm) 	(Hz) 	Height
1 	0.85 	423.5 	0.4324 	
2 	0.86 	430.9 	0.9207 	
3 	0.88 	438.4 	0.4819 	
4 	1.07 	532.7 	0.9753 	
5 	1.08 	539.7 	1.0000 	
6 	1.38 	691.7 	0.0173 	
7 	1.40 	699.0 	0.0576 	
8 	1.41 	705.4 	0.1016 	
9 	1.43 	712.6 	0.1509 	
10 	1.44 	719.7 	0.1378 	
11 	1.45 	726.3 	0.0928 	
12 	1.47 	733.6 	0.0270 	
13 	1.49 	742.7 	0.0295 	
14 	1.50 	750.2 	0.1053 	
15 	1.52 	757.9 	0.1586 	
16 	1.53 	765.4 	0.1303 	
17 	1.54 	771.5 	0.1036 	
18 	1.56 	779.1 	0.0621 	
19 	1.57 	786.7 	0.0163 	
20 	2.26 	1131.3 	0.0236 	
21 	2.28 	1138.2 	0.0928 	
22 	2.29 	1145.2 	0.1596 	
23 	2.31 	1152.3 	0.1544 	
24 	2.32 	1159.3 	0.0848 	
25 	2.33 	1166.2 	0.0207 	

Table of Multiplets
No. 	Shift1 (ppm) 	Hs 	Type 	J (Hz) 	Atom1 	Multiplet1 	 (ppm)
1 	2.30 	1 	m 	- 	4 	M05 	2.26 .. 2.34
2 	1.53 	1 	m 	- 	5 	M04 	1.48 .. 1.59
3 	1.43 	1 	m 	- 	5 	M03 	1.38 .. 1.48
4 	1.07 	4 	d 	6.96 	7 	M02 	1.05 .. 1.10
5 	0.86 	4 	t 	7.44 	6 	M01 	0.84 .. 0.90

Table of Assignments
No. 	Atom 	Exp. Shift (ppm) 	Multiplet
1 	6 	0.86 	M01
2 	7 	1.07 	M02
3 	5 	1.43 	M03
4 	5 	1.53 	M04
5 	4 	2.30 	M05
