Table of Peaks
No.	(ppm)	Height
1	6.76	0.0464
2	6.77	0.0473
3	6.79	0.0496
4	6.80	0.0494
5	7.45	0.0445
6	7.45	0.0232
7	7.45	0.0515
8	7.46	0.0848
9	7.46	0.1042
10	7.67	0.0587
11	7.67	0.0442
12	7.67	0.0408
13	7.68	0.0301
14	7.68	0.0316
15	7.68	0.0330
16	7.68	0.0347
17	7.68	0.0451
18	7.69	0.0335
19	7.69	0.0383
20	7.69	0.0532
21	9.66	0.0884
22	9.67	0.0872

Table of Multiplets
No.	Shift1 (ppm)	Hs	Type	J (Hz)	Atom1	Multiplet1	 (ppm)
1	6.76		1	dd	-	8	M04		6.75 .. 6.81
2	7.45		3	m	-	4 3 5	M03		7.44 .. 7.47
3	7.67		3	m	-	2 6 7	M02		7.66 .. 7.70
4	9.67		1	d	7.70	9	M01		9.65 .. 9.68

Table of Assignments
No.	Atom	Exp. Shift (ppm)	Multiplet
1	8	6.76		M04
2	4	7.45		M03
3	3	7.45		M03
4	5	7.45		M03
5	2	7.67		M02
6	6	7.67		M02
7	7	7.67		M02
8	9	9.67		M01

