Table of Peaks

No. 	(ppm) 	(Hz) 	Height
1 	5.24 	2619.4 	0.0646 	
2 	5.23 	2615.6 	0.0611 	
3 	4.01 	2006.8 	0.0412 	
4 	4.01 	2005.5 	0.0441 	
5 	4.00 	1997.3 	0.3577 	
6 	3.99 	1994.6 	0.4061 	
7 	3.98 	1988.4 	0.1471 	
8 	3.97 	1984.3 	0.2398 	
9 	3.96 	1981.3 	0.1506 	
10 	3.95 	1976.7 	0.2270 	
11 	3.94 	1970.1 	0.1744 	
12 	3.93 	1965.2 	0.1313 	
13 	3.90 	1950.1 	0.1343 	
14 	3.90 	1947.1 	0.1450 	
15 	3.89 	1944.7 	0.0849 	
16 	3.88 	1939.8 	0.2370 	
17 	3.87 	1936.7 	0.2721 	
18 	3.87 	1934.4 	0.1474 	
19 	3.83 	1915.0 	0.3475 	
20 	3.82 	1911.2 	0.3313 	
21 	3.81 	1904.7 	0.1930 	
22 	3.80 	1900.9 	0.1929 	
23 	3.77 	1882.1 	0.1817 	
24 	3.76 	1880.2 	0.1913 	
25 	3.74 	1871.8 	1.0000 	
26 	3.74 	1868.9 	0.2626 	
27 	3.73 	1865.7 	0.6056 	
28 	3.73 	1862.1 	0.1405 	
29 	3.72 	1857.8 	0.0651 	
30 	3.71 	1852.8 	0.2356 	
31 	3.69 	1843.1 	0.1876 	
32 	3.65 	1823.2 	0.0710 	
33 	3.64 	1821.4 	0.0927 	
34 	3.64 	1818.8 	0.0930 	
35 	3.63 	1816.7 	0.0960 	
36 	3.63 	1813.8 	0.1176 	
37 	3.63 	1811.9 	0.1163 	
38 	3.62 	1809.2 	0.1104 	
39 	3.55 	1774.1 	0.1544 	
40 	3.54 	1770.4 	0.1520 	
41 	3.53 	1764.0 	0.1910 	
42 	3.52 	1760.6 	0.2273 	
43 	3.51 	1754.2 	0.3470 	
44 	3.50 	1751.0 	0.1851 	
45 	3.49 	1746.4 	0.4158 	
46 	3.48 	1741.4 	0.1225 	
47 	3.48 	1739.0 	0.3499 	
48 	3.46 	1730.0 	0.1124 	
49 	3.26 	1631.4 	0.1838 	
50 	3.25 	1623.0 	0.2729 	
51 	3.23 	1614.4 	0.1616 	


Table of Multiplets

No. 	Shift1 (ppm) 	Hs 	Type 	J (Hz) 	Atom1 	Multiplet1 	 (ppm)
1 	5.24 	1 	d 	3.75 	2 	M01 	5.22 .. 5.26
2 	3.98 	20 	m 	- 	31 11 29 15 28 16 	M02 	3.92 .. 4.03
3 	3.89 	7 	m 	- 	27 6 	M03 	3.86 .. 3.91
4 	3.82 	8 	dd 	- 	26 18 	M04 	3.79 .. 3.84
5 	3.73 	23 	m 	- 	4 41 19 31 11 	M05 	3.68 .. 3.78
6 	3.63 	5 	m 	- 	35 	M06 	3.61 .. 3.66
7 	3.51 	17 	m 	- 	37 36 17 5 3 	M07 	3.45 .. 3.56
8 	3.25 	6 	t 	8.53 	32 	M08 	3.22 .. 3.27


Table of Assignments

No. 	Atom 	Exp. Shift (ppm) 	Multiplet
1 	2 	5.24 	M01
2 	16 	3.98 	M02
3 	28 	3.98 	M02
4 	15 	3.98 	M02
5 	29 	3.98 	M02
6 	11 	3.98 	M02
7 	31 	3.98 	M02
8 	6 	3.89 	M03
9 	27 	3.89 	M03
10 	18 	3.82 	M04
11 	26 	3.82 	M04
12 	11 	3.73 	M05
13 	31 	3.73 	M05
14 	19 	3.73 	M05
15 	41 	3.73 	M05
16 	4 	3.73 	M05
17 	35 	3.63 	M06
18 	3 	3.51 	M07
19 	5 	3.51 	M07
20 	17 	3.51 	M07
21 	36 	3.51 	M07
22 	37 	3.51 	M07
23 	32 	3.25 	M08
