Table of Peaks
No.	(ppm)	Height
1	3.74	0.1002
2	3.75	0.1106
3	3.76	0.1334
4	3.77	0.1463
5	3.85	0.1365
6	3.86	0.1592
7	3.87	0.1087
8	3.88	0.1193
9	3.92	0.0662
10	3.92	0.0661
11	3.93	0.1074
12	3.93	0.0995
13	3.94	0.0700
14	3.95	0.0621
15	4.33	0.1319
16	4.34	0.2214
17	4.35	0.1341
18	4.72	0.0810
19	4.73	0.0833
20	4.73	0.0886
21	4.74	0.1704
22	4.74	0.1007
23	5.54	0.2276
24	5.54	0.2178
25	5.76	0.3088

Table of Multiplets
No.	Shift1 (ppm)	Hs	Type	J (Hz)		Atom1		Multiplet1	 (ppm)
1	3.75		1	dd	12.41 6.35	14		M07		3.73 .. 3.78
2	3.87		1	dd	12.38 2.97	14		M06		3.84 .. 3.89
3	3.93		1	td	-		5		M05		3.91 .. 3.96
4	4.34		1	t	6.88		4		M04		4.32 .. 4.36
5	4.73		1	m	-		3		M03		4.71 .. 4.75
6	5.54		1	d	3.47		2		M02		5.53 .. 5.55
7	5.76		1	s	-		10		M01		5.75 .. 5.77

Table of Assignments
No.	Atom	Exp. Shift (ppm)	Multiplet
1	14	3.75			M07
2	14	3.87			M06
3	5	3.93			M05
4	4	4.34			M04
5	3	4.73			M03
6	2	5.54			M02
7	10	5.76			M01

