Table of Peaks
No.	(ppm)	(Hz)	Height
1	1.48	739.7	0.0343
2	1.49	746.3	0.0978
3	1.51	752.8	0.1861
4	1.52	759.5	0.2571
5	1.53	764.1	0.2773
6	1.53	765.1	0.2782
7	1.54	770.7	0.3217
8	1.55	776.6	0.2741
9	1.56	781.6	0.2578
10	1.58	787.8	0.3052
11	1.59	792.4	0.2735
12	1.59	794.5	0.2447
13	1.60	798.5	0.3063
14	1.60	801.2	0.1546
15	1.61	805.2	0.2263
16	1.62	811.8	0.1309
17	1.64	818.3	0.0456
18	1.80	901.3	0.0767
19	1.82	907.5	0.1232
20	1.83	915.7	0.3049
21	1.84	922.2	0.4124
22	1.85	926.1	0.4643
23	1.86	927.8	0.3642
24	1.86	931.0	0.6956
25	1.87	936.6	0.5524
26	1.88	938.7	0.3519
27	1.88	941.8	0.4978
28	1.89	945.3	0.1567
29	1.90	947.5	0.2645
30	1.90	950.4	0.1196
31	1.91	956.1	0.1400
32	1.92	961.9	0.0618
33	3.11	1556.2	0.3769
34	3.12	1557.7	0.4009
35	3.13	1563.0	0.9852
36	3.13	1564.2	1.0000
37	3.14	1569.2	0.8673
38	3.14	1570.5	0.9715
39	3.15	1575.7	0.3297
40	3.16	1577.3	0.3447
41	3.73	1865.4	0.6545
42	3.74	1871.2	0.9112
43	3.74	1871.8	0.8990
44	3.76	1877.6	0.6509

Table of Multiplets
No.	Shift1 (ppm)	Hs	Type	J (Hz)			Atom1	Multiplet1	 (ppm)
1	1.56		1	m	17.38 10.97 6.70	5	M04		1.46 .. 1.66
2	1.87		2	m	-			6	M03		1.79 .. 1.94
3	3.14		1	q	6.64			4	M02		3.07 .. 3.20
4	3.74		1	dd	6.42 5.84		7	M01		3.71 .. 3.78

Table of Assignments
No.	Atom	Exp. Shift (ppm)	Multiplet
1	5	1.56			M04
2	6	1.87			M03
3	4	3.14			M02
4	7	3.74			M01

