Table of Peaks
No. 	(ppm) 	(Hz) 	Height
1 	2.58 	1287.9 	0.1062 	
2 	2.59 	1292.1 	0.1456 	
3 	2.59 	1294.4 	0.1347 	
4 	2.60 	1298.6 	0.1270 	
5 	2.60 	1301.9 	0.1636 	
6 	2.61 	1306.1 	0.1669 	
7 	2.62 	1308.6 	0.1528 	
8 	2.63 	1312.8 	0.1630 	
9 	2.82 	1410.9 	0.1259 	
10 	2.84 	1417.4 	0.2874 	
11 	2.85 	1423.9 	0.1922 	
12 	2.85 	1424.9 	0.1944 	
13 	2.86 	1431.5 	0.2235 	
14 	2.88 	1438.1 	0.0969 	
15 	3.73 	1865.0 	0.1428 	
16 	3.74 	1869.8 	0.1944 	
17 	3.76 	1877.4 	0.3489 	
18 	3.77 	1882.4 	0.3966 	
19 	3.79 	1894.5 	0.3373 	
20 	3.80 	1898.1 	0.3670 	
21 	3.82 	1907.0 	0.1704 	
22 	3.82 	1910.6 	0.2209 	
23 	4.13 	2065.3 	0.0680 	
24 	4.14 	2069.0 	0.2471 	
25 	4.15 	2073.9 	0.2157 	
26 	4.16 	2077.4 	0.1122 	
27 	6.51 	3253.3 	0.2343 	
28 	6.52 	3259.8 	0.4698 	
29 	6.53 	3266.3 	0.2325 	
30 	8.42 	4207.7 	0.3752 	
31 	8.43 	4211.1 	0.7137 	
32 	8.43 	4212.8 	0.4914 	
33 	8.51 	4254.9 	1.0000 	

Table of Assignments
No. 	Atom 	Exp. Shift (ppm) 	Multiplet
1 	3 	2.60 	M05
2 	3 	2.85 	M06
3 	16 	3.78 	M07
4 	5 	4.14 	M04
5 	2 	6.52 	M03
6 	12 	8.42 	M02
7 	7 	8.51 	M01

Table of Multiplets
No. 	Shift1 (ppm) 	Hs 	Type 	J (Hz) 	Atom1 	Multiplet1 	 (ppm)
1 	2.60 	2 	m 	- 	3 	M05 	2.57 .. 2.63
2 	2.85 	1 	m 	- 	3 	M06 	2.82 .. 2.88
3 	3.78 	3 	m 	- 	16 	M07 	3.73 .. 3.83
4 	4.14 	1 	q 	- 	5 	M04 	4.13 .. 4.16
5 	6.52 	2 	t 	6.52 	2 	M03 	6.50 .. 6.54
6 	8.42 	2 	m 	- 	12 	M02 	8.41 .. 8.43
7 	8.51 	1 	s 	- 	7 	M01 	8.51 .. 8.52
