Table of Peaks
No.	(ppm)	Height
1	1.80	0.0307
2	1.81	0.0949
3	1.82	0.1364
4	1.84	0.1436
5	1.85	0.1107
6	1.86	0.0408
7	1.97	0.0416
8	1.98	0.0627
9	1.98	0.0916
10	1.99	0.1264
11	2.01	0.1164
12	2.02	0.0759
13	2.02	0.0461
14	2.03	0.0344
15	2.62	0.2855
16	2.63	0.4963
17	2.65	0.2476
18	2.79	0.1353
19	2.80	0.1535
20	2.81	0.1972
21	2.82	0.1759
22	2.90	0.1823
23	2.91	0.2019
24	2.92	0.1465
25	2.93	0.1291
26	3.29	0.2566
27	3.30	0.3220
28	3.31	0.3098
29	3.31	0.2529
30	4.01	0.1176
31	4.02	0.1463
32	4.03	0.2189
33	4.03	0.2264
34	4.04	0.1207
35	4.04	0.1085
36	4.14	0.2320
37	4.15	0.2808
38	4.15	0.1943
39	4.72	0.0075
40	4.73	0.0147
41	4.74	0.0099
42	5.89	0.4861
43	5.90	0.4591
44	8.16	0.7738
45	8.37	1.0000

Table of Multiplets
No.	Shift1 (ppm)	Hs	Type	J (Hz)		Atom1		Multiplet1	 (ppm)
1	1.82		1	m	-		20		M12		1.79 .. 1.87
2	1.99		1	m	-		20		M11		1.96 .. 2.04
3	2.63		2	t	7.73		19		M10		2.60 .. 2.66
4	2.80		1	dd	13.73 6.90	17		M09		2.77 .. 2.84
5	2.92		1	dd	13.73 6.08	17		M08		2.88 .. 2.95
6	3.30		1	dd	6.93 5.39	21		M07		3.27 .. 3.32
7	4.03		1	td	6.44 3.80	5		M06		4.00 .. 4.06
8	4.14		1	t	-		4		M05		4.12 .. 4.17
9	4.72		0	t	-		3		M04		4.70 .. 4.76
10	5.89		1	d	5.83		2		M03		5.86 .. 5.92
11	8.16		1	s	-		12		M02		8.14 .. 8.18
12	8.37		1	s	-		7		M01		8.33 .. 8.40

Table of Assignments
No.	Atom	Exp. Shift (ppm)	Multiplet
1	20	1.82			M12
2	20	1.99			M11
3	19	2.63			M10
4	17	2.80			M09
5	17	2.92			M08
6	21	3.30			M07
7	5	4.03			M06
8	4	4.14			M05
9	3	4.72			M04
10	2	5.89			M03
11	12	8.16			M02
12	7	8.37			M01
	
