Table of Peaks
No.	(ppm)	(Hz)	Height
1	3.27	1632.1	0.2118
2	3.28	1640.5	0.3235
3	3.30	1649.3	0.2311
4	3.52	1760.3	0.2421
5	3.53	1764.2	0.1657
6	3.54	1768.2	0.2717
7	3.54	1770.3	0.3637
8	3.54	1771.8	0.2004
9	3.55	1774.1	0.2309
10	3.56	1778.1	0.3417
11	3.57	1782.0	0.4069
12	3.57	1785.8	0.2001
13	3.59	1791.9	0.2797
14	3.59	1795.6	0.3175
15	3.62	1807.5	0.1520
16	3.63	1813.1	0.1524
17	3.63	1815.9	0.4467
18	3.65	1823.0	0.9231
19	3.65	1825.2	0.4763
20	3.66	1827.2	0.3960
21	3.67	1831.9	0.2549
22	3.67	1833.7	0.2565
23	3.67	1835.4	0.1845
24	3.68	1837.2	0.2735
25	3.68	1838.8	0.2410
26	3.71	1851.9	0.1357
27	3.71	1855.6	0.2005
28	3.72	1860.0	0.2396
29	3.73	1863.8	0.2972
30	3.74	1867.3	0.1649
31	3.74	1871.3	0.0906
32	3.76	1879.1	0.4637
33	3.77	1883.1	0.3158
34	3.77	1886.4	0.4027
35	3.78	1888.5	0.2750
36	3.78	1891.3	0.1915
37	3.79	1894.7	0.2504
38	3.79	1896.5	0.2918
39	3.81	1904.3	0.2930
40	3.81	1906.3	0.1313
41	3.82	1908.5	0.2403
42	3.85	1923.2	0.1312
43	3.86	1927.1	0.1313
44	3.86	1931.5	0.1611
45	3.87	1935.5	0.1419
46	3.88	1937.9	0.1844
47	3.92	1961.0	0.4886
48	3.93	1964.3	0.5216
49	3.94	1968.6	0.2357
50	3.94	1970.6	0.2150
51	3.96	1980.7	0.1504
52	3.97	1982.9	0.1268
53	4.43	2216.3	0.0914
54	4.45	2224.9	0.0434
55	5.22	2608.1	0.1032
56	5.23	2611.9	0.0974

Table of Multiplets
No.	Shift1 (ppm)	Hs	Type	J (Hz)	Atom1	Multiplet1	 (ppm)
1	3.28	1	t	8.60	3	M08	3.26 .. 3.31
2	3.55	2	m	-	6 4 16	M07	3.51 .. 3.58
3	3.59	2	d	3.68	4 5 15	M06	3.58 .. 3.62
4	3.66	5	m	-	13	M05	3.62 .. 3.68
5	3.73	1	t	3.64	19	M04	3.70 .. 3.75
6	3.79	4	m	-	6 19 17	M03	3.75 .. 3.83
7	3.86	1	m	-	17	M02	3.83 .. 3.89
8	3.94	3	m	-	17 14 3	M01	3.91 .. 3.98
9	4.44	1	d	8.58	11	M10	4.43 .. 4.46
10	5.22	1	d	3.80	3	M09	5.21 .. 5.23

Table of Assignments
No.	Atom	Exp. Shift (ppm)	Multiplet
1	3	3.28	M08
2	6	3.55	M07
3	4	3.55	M07
4	16	3.55	M07
5	4	3.59	M06
6	5	3.59	M06
7	15	3.59	M06
8	13	3.66	M05
9	19	3.73	M04
10	6	3.79	M03
11	19	3.79	M03
12	17	3.79	M03
13	17	3.86	M02
14	17	3.94	M01
15	14	3.94	M01
16	3	3.94	M01
17	11	4.44	M10
18	3	5.22	M09
