Table of Peaks
No. 	(ppm) 	(Hz) 	Height
1 	1.30 	651.7 	0.7582 	
2 	1.31 	655.0 	0.7985 	
3 	1.32 	658.6 	0.8265 	
4 	1.51 	754.7 	0.1056 	
5 	1.52 	761.9 	0.3201 	
6 	1.54 	768.9 	0.4656 	
7 	1.55 	776.0 	0.3432 	
8 	1.56 	782.1 	0.1887 	
9 	1.58 	789.1 	0.3293 	
10 	1.59 	796.4 	0.4262 	
11 	1.61 	803.4 	0.2735 	
12 	1.62 	810.6 	0.0757 	
13 	2.15 	1076.8 	0.5780 	
14 	2.17 	1084.3 	1.0000 	
15 	2.18 	1091.7 	0.5304 	
16 	2.27 	1135.9 	0.5012 	
17 	2.29 	1143.4 	0.8482 	
18 	2.30 	1150.9 	0.4607 	
19 	3.74 	1867.0 	0.9034 	
20 	3.75 	1872.8 	0.8643 	

Table of Multiplets
No. 	Shift1 (ppm) 	Hs 	Type 	J (Hz) 	Atom1 	Multiplet1 	 (ppm)
1 	3.74 	2 	d 	5.81 	4 	M01 	3.72 .. 3.76
2 	2.29 	2 	t 	7.53 	8 	M02 	2.26 .. 2.31
3 	2.17 	2 	t 	7.48 	13 	M03 	2.14 .. 2.19
4 	1.57 	5 	m 	- 	12 9 	M04 	1.50 .. 1.64
5 	1.31 	5 	m 	- 	11 10 	M05 	1.27 .. 1.35

Table of Assignments
No. 	Atom 	Exp. Shift (ppm) 	Multiplet
1 	11 	1.31 	M05
2 	10 	1.31 	M05
3 	12 	1.57 	M04
4 	9 	1.57 	M04
5 	13 	2.17 	M03
6 	8 	2.29 	M02
7 	4 	3.74 	M01
