Table of Peaks
No.	(ppm)	(Hz)	Height
1	0.84	505.0	0.3422
2	0.85	512.1	1.0000
3	0.86	515.3	0.1726
4	0.87	519.1	0.2470
5	1.26	753.2	0.0649
6	1.26	755.2	0.0784
7	1.27	759.8	0.5823
8	1.27	763.9	0.8739
9	1.28	767.9	0.3326
10	1.28	768.7	0.3478
11	1.29	773.4	0.2371
12	1.29	774.9	0.1670
13	1.30	779.7	0.0778
14	1.50	901.3	0.0609
15	1.52	908.6	0.1788
16	1.53	916.0	0.2302
17	1.54	922.9	0.1422
18	1.55	930.1	0.0386
19	2.15	1287.8	0.5320
20	2.16	1295.3	0.7948
21	2.17	1302.8	0.4843

Table of Multiplets
No.	Shift1 (ppm)	Hs	Type	J (Hz)	Atom1	Multiplet1	 (ppm)
1	0.85	2	t	7.03	9	M04	0.82 .. 0.89
2	1.28	6	m	-	8 7 6	M03	1.23 .. 1.33
3	1.53	2	t	7.13	5	M02	1.49 .. 1.56
4	2.16	2	t	7.50	4	M01	2.13 .. 2.19

Table of Assignments
No.	Atom	Exp. Shift (ppm)	Multiplet
1	9	0.85	M04
2	8	1.28	M03
3	7	1.28	M03
4	6	1.28	M03
5	5	1.53	M02
6	4	2.16	M01
