Table of Peaks
No.	(ppm)	Height
1	7.15	0.0137
2	7.15	0.0159
3	7.16	0.0332
4	7.17	0.0308
5	7.17	0.0174
6	7.18	0.0356
7	7.18	0.0353
8	7.18	0.0286
9	7.18	0.0300
10	7.19	0.0139
11	7.19	0.0263
12	7.20	0.0284
13	7.20	0.0136
14	7.21	0.0113
15	7.42	0.0218
16	7.42	0.0259
17	7.42	0.0267
18	7.43	0.0208
19	7.44	0.0213
20	7.44	0.0225
21	7.44	0.0207
22	7.44	0.0179
23	7.94	0.0829
24	8.06	0.0217
25	8.06	0.0224
26	8.06	0.0244
27	8.06	0.0227
28	8.07	0.0207
29	8.07	0.0238
30	8.07	0.0231
31	8.07	0.0195

Table of Multiplets
No.	Shift1 (ppm)	Hs	Type	Atom1	Multiplet1	 (ppm)
1	7.15		2	m	7 8	M04		7.14 .. 7.22
2	7.42		1	m	9	M03		7.41 .. 7.45
3	7.94		1	s	2	M02		7.93 .. 7.96
4	8.06		8	m	6	M01		8.05 .. 8.08

Table of Assignments
No.	Atom	Exp. Shift (ppm)	Multiplet
1	7	7.15		M04
2	8	7.15		M04
3	9	7.42		M03
4	2	7.94		M02
5	6	8.06		M01

