Table of Peaks
No.	(ppm)	Height
1	2.19	0.0336
2	2.20	0.0706
3	2.21	0.0778
4	2.21	0.0622
5	2.22	0.1617
6	2.22	0.0716
7	2.23	0.2181
8	2.23	0.3747
9	2.24	0.3715
10	2.24	0.4970
11	2.25	0.3367
12	2.25	0.3167
13	2.26	0.0675
14	2.26	0.1671
15	2.27	0.0586
16	2.27	0.0518
17	2.29	0.0331
18	3.86	0.4239
19	3.87	0.6752
20	3.88	0.4022
21	4.01	0.1046
22	4.02	0.1301
23	4.03	0.1368
24	4.03	0.3081
25	4.03	0.1663
26	4.04	0.3331
27	4.04	0.3691
28	4.05	0.3402
29	4.05	0.3304
30	4.06	0.3771
31	4.06	0.3469
32	4.07	0.1668
33	4.07	0.3132
34	4.08	0.1424
35	4.08	0.1297
36	4.09	0.1013

Table of Multiplets
No.	Shift1 (ppm)	Hs	Type	J (Hz)			Atom1	Multiplet1	 (ppm)
1	2.24		2	m	-			6	M03		2.18 .. 2.29
2	3.87		1	t	6.16			7	M02		3.85 .. 3.89
3	4.05		2	m	10.52 6.56 5.34	5	M01		4.01 .. 4.10

Table of Assignments
No.	Atom	Exp. Shift (ppm)	Multiplet
1	6	2.24			M03
2	7	3.87			M02
3	5	4.05			M01

