Table of Peaks
No.	(ppm)	Height
1	0.88	0.0216
2	0.90	0.0443
3	0.91	0.0166
4	1.25	0.0043
5	1.25	0.0072
6	1.28	0.3235
7	1.29	0.0255
8	1.30	0.0136
9	1.31	0.0104
10	1.33	0.0045
11	1.56	0.0012
12	1.57	0.0041
13	1.58	0.0067
14	1.59	0.0059
15	1.61	0.0027
16	1.62	0.0005
17	2.27	0.0072
18	2.29	0.0103
19	2.29	0.0098
20	2.30	0.0129
21	2.31	0.0126
22	2.32	0.0068
23	3.99	0.0043
24	3.99	0.0040
25	4.00	0.0066
26	4.00	0.0064
27	4.01	0.0038
28	4.01	0.0039
29	4.19	0.0035
30	4.20	0.0036
31	4.21	0.0040
32	4.22	0.0039
33	4.45	0.0036
34	4.46	0.0036
35	4.47	0.0031
36	4.48	0.0029
37	5.21	0.0009
38	5.22	0.0012
39	5.22	0.0023
40	5.23	0.0017
41	5.23	0.0026
42	5.23	0.0018
43	5.23	0.0018
44	5.23	0.0025
45	5.24	0.0015
46	5.24	0.0020
47	5.24	0.0009
48	5.25	0.0002
49	5.25	0.0007

Table of Multiplets
No.	Shift1 (ppm)	Hs	Type	Atom1											Multiplet1	 (ppm)
1	0.88		6	t	44 29											M08	0.87 .. 0.92
2	1.28		48	m	43 42 41 40 39 38 37 36 35 34 33 32 28 27 26 25 24 23 22 21 20 19 18 17	M07	1.22 .. 1.36
3	1.56		4	m	31 16											M06	1.54 .. 1.63
4	2.27		4	m	30 15											M05	2.26 .. 2.34
5	3.99		2	td	4											M04	3.97 .. 4.03
6	4.19		1	dd	11											M03	4.18 .. 4.24
7	4.45		1	dd	11											M02	4.44 .. 4.49
8	5.21		1	m	5											M01	5.20 .. 5.26

Table of Assignments
No.	Atom	Exp. Shift (ppm)	Multiplet
1	44	0.88		M08
2	29	0.88		M08
3	43	1.28		M07
4	42	1.28		M07
5	41	1.28		M07
6	40	1.28		M07
7	39	1.28		M07
8	38	1.28		M07
9	37	1.28		M07
10	36	1.28		M07
11	35	1.28		M07
12	34	1.28		M07
13	33	1.28		M07
14	32	1.28		M07
15	28	1.28		M07
16	27	1.28		M07
17	26	1.28		M07
18	25	1.28		M07
19	24	1.28		M07
20	23	1.28		M07
21	22	1.28		M07
22	21	1.28		M07
23	20	1.28		M07
24	19	1.28		M07
25	18	1.28		M07
26	17	1.28		M07
27	31	1.56		M06
28	16	1.56		M06
29	30	2.27		M05
30	15	2.27		M05
31	4	3.99		M04
32	11	4.19		M03
33	11	4.45		M02
34	5	5.21		M01

