Table of Peaks

No. 	(ppm) 	(Hz) 	Height
1 	7.17 	3583.5 	0.0623 	
2 	7.17 	3582.0 	0.0693 	
3 	7.15 	3574.8 	0.1410 	
4 	7.14 	3568.2 	0.0982 	
5 	7.14 	3566.7 	0.1062 	
6 	7.12 	3558.3 	0.1459 	
7 	7.12 	3557.1 	0.1380 	
8 	7.10 	3550.8 	0.1805 	
9 	7.06 	3528.6 	0.2186 	
10 	7.04 	3520.8 	0.1621 	
11 	6.97 	3484.6 	0.1077 	
12 	6.96 	3477.2 	0.1790 	
13 	6.94 	3469.9 	0.0825 	
14 	3.88 	1938.7 	0.0788 	
15 	3.87 	1932.6 	0.1406 	
16 	3.85 	1926.4 	0.0746 	
17 	3.14 	1569.2 	0.7518 	
18 	3.02 	1507.9 	0.0784 	
19 	3.00 	1499.9 	0.0857 	
20 	2.98 	1491.7 	0.0789 	
21 	2.60 	1298.2 	1.0000 	
22 	2.19 	1096.7 	0.0342 	
23 	2.18 	1090.5 	0.0638 	
24 	2.17 	1084.9 	0.0700 	
25 	2.17 	1082.4 	0.0722 	
26 	2.16 	1080.1 	0.0683 	
27 	2.15 	1074.4 	0.0562 	
28 	2.14 	1068.1 	0.0260 	


Table of Multiplets

No. 	Shift1 (ppm) 	Hs 	Type 	J (Hz) 	Atom1 	Multiplet1 	 (ppm)
1 	7.15 	7 	m 	- 	13 9 	M01 	7.13 .. 7.18
2 	7.11 	7 	m 	- 	15 11 	M02 	7.09 .. 7.13
3 	7.05 	8 	d 	7.82 	12 8 	M03 	7.03 .. 7.08
4 	6.96 	8 	t 	7.32 	14 10 	M04 	6.92 .. 6.99
5 	3.87 	6 	t 	6.15 	16 	M05 	3.82 .. 3.91
6 	3.14 	14 	s 	- 	4 5 	M06 	3.10 .. 3.18
7 	3.00 	8 	m 	- 	18 	M07 	2.97 .. 3.04
8 	2.60 	24 	s 	- 	21 20 	M08 	2.55 .. 2.64
9 	2.17 	8 	m 	- 	17 	M09 	2.12 .. 2.22



Table of Assignments

No. 	Atom 	Exp. Shift (ppm) 	Multiplet
1 	9 	7.15 	M01
2 	13 	7.15 	M01
3 	11 	7.11 	M02
4 	15 	7.11 	M02
5 	8 	7.05 	M03
6 	12 	7.05 	M03
7 	10 	6.96 	M04
8 	14 	6.96 	M04
9 	16 	3.87 	M05
10 	5 	3.14 	M06
11 	4 	3.14 	M06
12 	18 	3.00 	M07
13 	20 	2.60 	M08
14 	21 	2.60 	M08
15 	17 	2.17 	M09
