Table of Peaks

No. 	(ppm) 	(Hz) 	Height
1 	5.24 	3141.1 	0.1601 	
2 	5.23 	3137.4 	0.1565 	
3 	4.68 	2804.9 	0.0924 	
4 	4.67 	2796.9 	0.0888 	
5 	4.52 	2711.3 	0.2001 	
6 	4.51 	2703.3 	0.1977 	
7 	3.98 	2385.8 	0.0966 	
8 	3.98 	2383.9 	0.0972 	
9 	3.96 	2373.5 	0.1714 	
10 	3.96 	2371.9 	0.1597 	
11 	3.94 	2363.7 	0.2011 	
12 	3.92 	2351.3 	0.1988 	
13 	3.91 	2345.8 	0.0382 	
14 	3.89 	2333.3 	0.1184 	
15 	3.89 	2331.0 	0.1044 	
16 	3.88 	2327.6 	0.1063 	
17 	3.88 	2323.2 	0.0833 	
18 	3.86 	2315.3 	0.0263 	
19 	3.86 	2310.9 	0.0267 	
20 	3.85 	2306.6 	0.0715 	
21 	3.84 	2299.3 	0.1333 	
22 	3.83 	2297.2 	0.1679 	
23 	3.83 	2294.7 	0.1277 	
24 	3.82 	2287.6 	0.1557 	
25 	3.81 	2282.4 	0.0826 	
26 	3.77 	2257.7 	0.1490 	
27 	3.76 	2251.9 	0.1630 	
28 	3.75 	2245.4 	0.1254 	
29 	3.74 	2239.5 	0.1321 	
30 	3.68 	2203.8 	0.0439 	
31 	3.67 	2199.8 	0.0353 	
32 	3.66 	2195.4 	0.1903 	
33 	3.65 	2186.6 	0.4262 	
34 	3.63 	2178.6 	0.2272 	
35 	3.62 	2169.8 	0.1264 	
36 	3.62 	2167.4 	0.0985 	
37 	3.61 	2164.3 	0.0902 	
38 	3.61 	2162.3 	0.0895 	
39 	3.60 	2158.2 	0.1416 	
40 	3.59 	2154.5 	0.1339 	
41 	3.58 	2148.4 	0.0814 	
42 	3.58 	2144.6 	0.0773 	
43 	3.54 	2120.9 	0.0887 	
44 	3.54 	2119.3 	0.1098 	
45 	3.52 	2111.7 	0.2142 	
46 	3.52 	2110.2 	0.2585 	
47 	3.51 	2102.7 	0.2143 	
48 	3.51 	2101.0 	0.2329 	
49 	3.50 	2097.9 	0.1090 	
50 	3.50 	2095.5 	0.1290 	
51 	3.49 	2093.8 	0.1468 	
52 	3.49 	2091.9 	0.1204 	
53 	3.48 	2088.1 	0.1326 	
54 	3.45 	2065.1 	0.2037 	
55 	3.43 	2056.0 	0.2438 	
56 	3.41 	2046.2 	0.0896 	
57 	3.37 	2017.4 	0.0130 	
58 	3.35 	2007.0 	0.0910 	
59 	3.34 	2002.5 	0.1469 	
60 	3.33 	1998.9 	0.1306 	
61 	3.33 	1997.8 	0.1232 	
62 	3.33 	1994.4 	0.1872 	
63 	3.32 	1989.7 	0.0919 	
64 	3.31 	1985.1 	0.1296 	
65 	3.31 	1982.4 	0.1227 	
66 	3.29 	1974.0 	0.1812 	
67 	3.28 	1965.4 	0.0963 	
68 	-0.00 	-0.0 	1.0000 	


Table of Multiplets

No. 	Shift1 (ppm) 	Hs 	Type 	J (Hz) 	Atom1 	Multiplet1 	 (ppm)
1 	5.24 	3 	d 	3.68 	2 	M01 	5.20 .. 5.28
2 	4.67 	2 	d 	7.91 	34 	M02 	4.64 .. 4.71
3 	4.52 	5 	d 	7.91 	25 11 	M03 	4.47 .. 4.56
4 	3.95 	5 	m 	- 	19 6 45 	M04 	3.91 .. 4.00
5 	3.88 	2 	m 	- 	17 	M05 	3.86 .. 3.90
6 	3.83 	3 	m 	- 	45 4 	M06 	3.79 .. 3.86
7 	3.75 	3 	dd 	12.36 5.82 	40 19 	M07 	3.71 .. 3.78
8 	3.62 	8 	m 	- 	3 36 32 31 5 	M08 	3.57 .. 3.69
9 	3.51 	6 	m 	- 	29 13 27 15 	M09 	3.47 .. 3.55
10 	3.43 	3 	m 	- 	28 14 	M10 	3.39 .. 3.47
11 	3.32 	5 	m 	- 	33 26 16 	M11 	3.25 .. 3.37


Table of Assignments

No. 	Atom 	Exp. Shift (ppm) 	Multiplet
1 	2 	5.24 	M01
2 	34 	4.67 	M02
3 	11 	4.52 	M03
4 	25 	4.52 	M03
5 	45 	3.95 	M04
6 	6 	3.95 	M04
7 	19 	3.95 	M04
8 	17 	3.88 	M05
9 	4 	3.83 	M06
10 	45 	3.83 	M06
11 	19 	3.75 	M07
12 	40 	3.75 	M07
13 	31 	3.62 	M08
14 	5 	3.62 	M08
15 	32 	3.62 	M08
16 	36 	3.62 	M08
17 	3 	3.62 	M08
18 	15 	3.51 	M09
19 	27 	3.51 	M09
20 	13 	3.51 	M09
21 	29 	3.51 	M09
22 	14 	3.43 	M10
23 	28 	3.43 	M10
24 	16 	3.32 	M11
25 	26 	3.32 	M11
26 	33 	3.32 	M11
