Table of Peaks
No.	(ppm)	(Hz)	Height
1	6.842	4107.55	1.0000
2	7.420	4454.61	0.1383
3	7.422	4455.66	0.1653
4	7.432	4461.87	0.1831
5	7.434	4462.70	0.2983
6	7.435	4463.47	0.2315
7	7.445	4469.69	0.1449
8	7.447	4470.68	0.1692
9	7.521	4515.13	0.0699
10	7.524	4516.90	0.0557
11	7.527	4518.60	0.1112
12	7.530	4520.31	0.0860
13	7.532	4521.85	0.0650
14	7.535	4523.61	0.3437
15	7.536	4524.16	0.3947
16	7.539	4525.64	0.2697
17	7.544	4528.67	0.2752
18	7.545	4529.38	0.3296
19	7.548	4531.14	0.7330
20	7.550	4532.69	0.4215
21	7.556	4536.04	0.1316
22	7.558	4537.58	0.1127
23	7.577	4548.92	0.2233
24	7.578	4549.47	0.2478
25	7.591	4557.33	0.2695
26	7.592	4557.88	0.2924
27	7.697	4620.88	0.1832
28	7.700	4622.59	0.2098
29	7.709	4627.98	0.1765
30	7.712	4629.58	0.2706
31	7.714	4630.95	0.2037
32	7.723	4636.40	0.1308
33	7.726	4638.10	0.1420
34	7.936	4764.26	0.4529
35	7.939	4766.30	0.3670
36	7.943	4768.34	0.2033
37	7.945	4769.77	0.1802
38	7.947	4770.65	0.2176
39	7.950	4772.35	0.4486
40	7.952	4773.89	0.4382
41	8.238	4945.61	0.1726
42	8.240	4946.93	0.1981
43	8.251	4953.59	0.1591
44	8.254	4954.85	0.1783

Table of Multiplets
No.	Shift1 (ppm)	Hs	Type	J (Hz)		Atom1		Multiplet1	 (ppm)
1	6.84		1	s	-		1		M07		6.82 .. 6.86
2	7.43		1	m	-		5		M06		7.41 .. 7.46
3	7.54		4	m	-		15 14 16	M05		7.51 .. 7.56
4	7.58		1	dd	8.42 0.55	7		M04		7.57 .. 7.61
5	7.71		1	ddd	8.50 7.01 1.71	6		M03		7.68 .. 7.74
6	7.94		2	m	-		13 17		M02		7.91 .. 7.97
7	8.25		1	dd	7.95 1.29	4		M01		8.22 .. 8.27

Table of Assignments
No.	Atom	Exp. Shift (ppm)	Multiplet
1	1	6.84		M07
2	5	7.43		M06
3	15	7.54		M05
4	14	7.54		M05
5	16	7.54		M05
6	7	7.58		M04
7	6	7.71		M03
8	13	7.94		M02
9	17	7.94		M02
10	4	8.25		M01