Table of Peaks
No.	(ppm)	Height
1	3.67	0.0701
2	3.67	0.3577
3	3.68	0.0751
4	3.69	0.9845
5	3.70	0.7184
6	3.73	0.5897
7	3.74	1.0000
8	3.76	0.6333
9	3.76	0.3227
10	3.77	0.4134
11	3.80	0.3287
12	3.81	0.2733
13	3.82	0.2412
14	3.82	0.2921
15	3.83	0.2094
16	3.83	0.1890
17	3.84	0.2002
18	3.84	0.0633
19	3.84	0.0516
20	3.85	0.1389
21	4.16	0.1641
22	4.16	0.1650
23	4.18	0.2242
24	4.18	0.2329
25	4.26	0.2133
26	4.27	0.2264
27	4.28	0.1685
28	4.29	0.1700
29	4.58	0.0979
30	4.59	0.1122
31	4.59	0.1851
32	4.59	0.1084
33	4.60	0.1152
34	4.60	0.0940
35	4.60	0.1043

Table of Multiplets
No.	Shift1 (ppm)	Hs	Type	J (Hz)		Atom1		Multiplet1	 (ppm)
1	3.72		3	m	-		24 18		M05		3.66 .. 3.78
2	3.83		1	m	-		22		M04		3.80 .. 3.85
3	4.17		1	dd	10.34 2.59	2		M03		4.15 .. 4.19
4	4.28		1	dd	10.34 5.34	2		M02		4.25 .. 4.30
5	4.59		1	m	-		3		M01		4.58 .. 4.60

Table of Assignments


No.	Atom	Exp. Shift (ppm)	Multiplet
1	24	3.72			M05
2	18	3.72			M05
3	22	3.83			M04
4	2	4.17			M03
5	2	4.28			M02
6	3	4.59			M01

