Table of Peaks
No.	(ppm)	Height
1	6.87	0.0642
2	6.87	0.1247
3	6.87	0.0745
4	6.98	0.0521
5	6.99	0.0553
6	7.00	0.0576
7	7.00	0.0584
8	7.01	0.0582
9	7.01	0.0857
10	7.01	0.0639
11	7.16	0.1282
12	7.16	0.0837
13	7.16	0.0790
14	7.16	0.1363
15	7.16	0.1110
16	7.17	0.1267
17	7.17	0.0962
18	7.17	0.1613
19	7.32	0.0281
20	7.32	0.0318
21	7.33	0.0449
22	7.33	0.0472
23	7.34	0.0524
24	7.34	0.0449
25	7.35	0.0351
26	7.35	0.0392
27	7.36	0.0532
28	7.37	0.2485
29	7.37	0.2755
30	7.37	0.1635
31	7.38	0.2923
32	7.38	0.0998
33	7.42	0.0264
34	7.42	0.0281
35	7.43	0.0520
36	7.43	0.0532
37	7.44	0.0351
38	7.45	0.0356
39	7.47	0.0622
40	7.47	0.0646
41	7.48	0.0379
42	7.49	0.0387
43	7.49	0.0652
44	7.49	0.1007
45	7.49	0.0708

Table of Multiplets
No.	Shift1 (ppm)	Hs	Type	J (Hz)		Atom1		Multiplet1	 (ppm)
1	6.87		1	t	1.43		4		M09		6.86 .. 6.88
2	6.99		1	dd	8.03 1.49	12		M08		6.98 .. 7.01
3	7.01		1	t	1.24		5		M07		7.01 .. 7.02
4	7.16		4	m	-	14 18 20 24		M06		7.14 .. 7.19
5	7.33		1	m	-		11		M05		7.31 .. 7.35
6	7.37		6	m	-	15 16 17 21 22 23	M04		7.35 .. 7.39
7	7.43		1	td	-		10		M03		7.41 .. 7.45
8	7.47		1	dd	-		9		M02		7.46 .. 7.49
9	7.49		1	t	1.13		2		M01		7.49 .. 7.51

Table of Assignments
No.	Atom	Exp. Shift (ppm)	Multiplet
1	4	6.87		M09
2	12	6.99		M08
3	5	7.01		M07
4	14	7.16		M06
5	18	7.16		M06
6	20	7.16		M06
7	24	7.16		M06
8	11	7.33		M05
9	15	7.37		M04
10	16	7.37		M04
11	17	7.37		M04
12	21	7.37		M04
13	22	7.37		M04
14	23	7.37		M04
15	10	7.43		M03
16	9	7.47		M02
17	2	7.49		M01

