Table of Peaks

No. 	(ppm) 	(Hz) 	Height
1 	7.40 	3697.7 	0.0911 	
2 	7.38 	3689.8 	0.3821 	
3 	7.37 	3683.3 	1.0000 	
4 	7.37 	3681.6 	0.8253 	
5 	7.35 	3675.2 	0.1500 	
6 	7.31 	3656.0 	0.0860 	
7 	7.31 	3654.0 	0.1101 	
8 	7.31 	3651.5 	0.0668 	
9 	7.30 	3649.1 	0.0920 	
10 	7.30 	3647.5 	0.1520 	
11 	7.29 	3644.8 	0.0549 	
12 	7.29 	3643.4 	0.0494 	
13 	7.28 	3640.9 	0.0600 	
14 	7.28 	3638.9 	0.0324 	
15 	3.42 	1710.6 	0.1118 	
16 	3.41 	1702.4 	0.1631 	
17 	3.39 	1695.0 	0.1203 	
18 	2.01 	1007.1 	0.0119 	
19 	2.00 	999.7 	0.0455 	
20 	1.99 	992.2 	0.0624 	
21 	1.98 	991.5 	0.0609 	
22 	1.97 	986.1 	0.0677 	
23 	1.97 	984.1 	0.0614 	
24 	1.96 	977.9 	0.0759 	
25 	1.94 	970.4 	0.0569 	
26 	1.93 	963.1 	0.0153 	
27 	1.77 	885.1 	0.0066 	
28 	1.76 	880.9 	0.0200 	
29 	1.75 	873.4 	0.0630 	
30 	1.73 	866.2 	0.0998 	
31 	1.72 	859.1 	0.0863 	
32 	1.71 	852.7 	0.0816 	
33 	1.69 	845.4 	0.0497 	
34 	1.68 	838.2 	0.0134 	
35 	0.89 	446.6 	0.3191 	
36 	0.88 	439.3 	0.6498 	
37 	0.86 	432.0 	0.3060 	


Table of Multiplets
No. 	Shift1 (ppm) 	Hs 	Type 	J (Hz) 	Atom1 	Multiplet1 	 (ppm)
1 	7.37 	37 	m 	- 	3 5 2 6 	M01 	7.33 .. 7.42
2 	7.30 	8 	m 	- 	4 	M02 	7.27 .. 7.33
3 	3.41 	8 	t 	7.76 	7 	M03 	3.37 .. 3.45
4 	1.97 	7 	m 	- 	8 	M04 	1.90 .. 2.03
5 	1.73 	8 	m 	- 	8 	M05 	1.65 .. 1.78
6 	0.88 	19 	t 	7.34 	9 	M06 	0.84 .. 0.91


Table of Assignments
No. 	Atom 	Exp. Shift (ppm) 	Multiplet
1 	18 	7.37 	M01
2 	19 	7.37 	M01
3 	20 	7.37 	M01
4 	21 	7.37 	M01
5 	22 	7.30 	M02
6 	12 	3.41 	M03
7 	13 	1.97 	M04
8 	14 	1.73 	M05
9 	15 	0.88 	M06
