Table of Peaks
No.	(ppm)	(Hz)	Height
1	3.626	2176.84	0.0068
2	3.633	2181.07	0.0083
3	3.657	2195.43	0.0498
4	3.664	2199.67	0.0923
5	3.675	2206.11	0.0458
6	3.695	2218.10	0.0039
7	3.706	2224.70	0.0070
8	4.088	2454.35	0.0367
9	4.095	2458.59	0.0378
10	4.099	2460.85	0.0460
11	4.106	2465.08	0.0305
12	6.736	4043.54	0.0268
13	6.737	4044.59	0.0288
14	6.747	4050.64	0.0311
15	6.749	4051.63	0.0517
16	6.751	4052.68	0.0344
17	6.761	4058.78	0.0264
18	6.763	4059.77	0.0281
19	6.821	4094.82	0.0525
20	6.822	4095.76	0.0552
21	6.835	4103.18	0.0541
22	6.836	4104.17	0.0550
23	7.353	4414.10	0.0259
24	7.355	4415.53	0.0281
25	7.365	4421.20	0.0260
26	7.367	4422.52	0.0462
27	7.369	4423.89	0.0289
28	7.378	4429.51	0.0224
29	7.381	4430.94	0.0229
30	7.783	4672.31	0.0397
31	7.785	4673.57	0.0417
32	7.797	4680.51	0.0375
33	7.799	4681.83	0.0378

Table of Multiplets
No.	Shift1 (ppm)	Hs	Type	J (Hz)		Atom1	Multiplet1	 (ppm)
1	3.67		2	m	-		10	M06		3.61 .. 3.72
2	4.10		0	dd	6.49 4.24	11	M05		4.08 .. 4.12
3	6.75		0	ddd	8.12 7.10 1.02	4	M04		6.73 .. 6.77
4	6.83		1	dd	8.39 0.96	6	M03		6.81 .. 6.85
5	7.37		0	ddd	8.38 7.03 1.43	5	M02		7.34 .. 7.39
6	7.79		0	dd	8.23 1.29	3	M01		7.77 .. 7.81

Table of Assignments
No.	Atom	Exp. Shift (ppm)	Multiplet
1	15	3.67		M06
2	17	4.10		M05
3	22	6.75		M04
4	21	6.83		M03
5	23	7.37		M02
6	18	7.79		M01
