No.	(ppm)	Height
1	0.83	0.5343
2	1.26	0.0037
3	1.27	0.0057
4	1.28	0.0124
5	1.29	0.0136
6	1.30	0.0153
7	1.31	0.0131
8	1.32	0.0075
9	1.33	0.0050
10	1.34	0.0072
11	1.36	0.0590
12	1.38	0.0734
13	1.39	0.0158
14	1.40	0.0141
15	1.41	0.0028
16	1.42	0.0042
17	1.44	0.0051
18	1.45	0.0046
19	1.46	0.0330
20	1.47	0.0313
21	1.47	0.0317
22	1.48	0.0450
23	1.48	0.0419
24	1.49	0.0255
25	1.50	0.0048
26	1.51	0.0037
27	1.51	0.0043
28	1.52	0.0058
29	1.52	0.0043
30	1.54	0.0128
31	1.54	0.0122
32	1.55	0.0094
33	1.56	0.0200
34	1.56	0.0103
35	1.57	0.0120
36	1.58	0.0101
37	1.59	0.0043
38	1.75	0.0240
39	1.75	0.0270
40	1.76	0.0287
41	1.77	0.0284
42	1.88	0.0158
43	1.89	0.0133
44	1.89	0.0179
45	1.91	0.0154
46	1.91	0.0130
47	1.92	0.0151
48	1.93	0.0101
49	1.93	0.0101
50	1.94	0.0138
51	1.94	0.0192
52	1.96	0.0124
53	1.97	0.0113
54	2.03	0.0186
55	2.05	0.0361
56	2.06	0.0283
57	2.08	0.0421
58	2.09	0.0151
59	2.14	0.0082
60	2.14	0.0115
61	2.15	0.0178
62	2.17	0.0114
63	2.32	0.0013
64	2.32	0.0015
65	2.33	0.0018
66	2.34	0.0130
67	2.36	0.0171
68	2.36	0.0157
69	2.37	0.0084
70	2.37	0.0056
71	2.38	0.0023
72	2.41	0.0293
73	2.42	0.0311
74	2.44	0.0258
75	2.45	0.0248
76	2.64	0.0069
77	2.65	0.0082
78	2.66	0.0256
79	2.67	0.0268
80	2.68	0.0366
81	2.69	0.0171
82	2.70	0.0154
83	2.71	0.0172
84	2.72	0.0052
85	2.73	0.0052
86	2.74	0.0048
87	3.71	0.7925
88	6.46	0.1646
89	6.77	0.1262

Table of Multiplets
No.	Shift1 (ppm)	Hs	Type	Atom1		Multiplet1	 (ppm)
1	0.83		3	s	18		M14		0.81 .. 0.85
2	1.37		3	m	10 4 5	M13		1.24 .. 1.42
3	1.44		2	m	1 2		M12		1.43 .. 1.51
4	1.56		1	m	9		M11		1.52 .. 1.61
5	1.75		1	dd	5		M10		1.74 .. 1.78
6	1.88		2	m	10 9		M09		1.86 .. 1.99
7	2.03		1	m	8		M08		2.01 .. 2.10
8	2.14		1	m	3		M07		2.11 .. 2.21
9	2.34		1	m	4		M06		2.31 .. 2.39
10	2.41		1	dd	8		M05		2.39 .. 2.47
11	2.64		2	m	11		M04		2.62 .. 2.76
12	3.71		3	s	21		M03		3.69 .. 3.73
13	6.46		1	s	17		M02		6.45 .. 6.47
14	6.77		1	s	14		M01		6.75 .. 6.79

Table of Assignments
No.	Atom	Exp. Shift (ppm)	Multiplet
1	35	0.83			M14
2	31	1.37			M13
3	29	1.37			M13
4	25	1.37			M13
5	22	1.44			M12
6	23	1.44			M12
7	27	1.56			M11
8	26	1.75			M10
9	32	1.88			M09
10	28	1.88			M09
11	33	2.03			M08
12	24	2.14			M07
13	30	2.34			M06
14	34	2.41			M05
15	38	2.64			M04
16	43	3.71			M03
17	41	6.46			M02
18	40	6.77			M01
