Table of Peaks
No. 	(ppm) 	(Hz) 	Height
1 	0.92 	460.0 	1.0000 	
2 	0.92 	461.2 	0.9352 	
3 	0.93 	466.6 	0.9455 	
4 	0.94 	467.9 	0.8559 	
5 	1.55 	774.1 	0.0182 	
6 	1.56 	778.5 	0.0271 	
7 	1.57 	782.8 	0.0291 	
8 	1.58 	788.1 	0.1343 	
9 	1.59 	793.0 	0.1275 	
10 	1.59 	795.1 	0.1546 	
11 	1.59 	796.8 	0.1690 	
12 	1.60 	800.6 	0.1866 	
13 	1.61 	803.6 	0.1162 	
14 	1.62 	809.2 	0.1271 	
15 	1.64 	817.6 	0.0244 	
16 	1.65 	823.3 	0.0228 	
17 	1.75 	872.9 	0.0305 	
18 	1.76 	879.1 	0.0525 	
19 	1.77 	885.6 	0.0533 	
20 	1.79 	893.8 	0.0341 	
21 	1.80 	900.9 	0.0128 	
22 	4.27 	2134.2 	0.0860 	
23 	4.28 	2138.9 	0.0704 	
24 	4.29 	2143.2 	0.0729 	
25 	4.30 	2147.7 	0.0731 	

Table of Multiplets
No. 	Shift1 (ppm) 	Hs 	Type 	J (Hz) 	Atom1 	Multiplet1 	 (ppm)
1 	4.28 	1 	dd 	8.85 4.64 	2 	M01 	4.26 .. 4.30
2 	1.77 	1 	m 	- 	4 	M02 	1.74 .. 1.81
3 	1.59 	3 	m 	- 	3 	M03 	1.54 .. 1.65
4 	0.93 	8 	dd 	6.66 1.30 	8 5 	M04 	0.90 .. 0.95

Table of Assignments
No. 	Atom 	Exp. Shift (ppm) 	Multiplet
1 	13 	0.93 	M04
2 	16 	0.93 	M04
3 	10 	1.59 	M03
4 	9 	1.77 	M02
5 	12 	4.28 	M01
