Table of Peaks
No.	(ppm)	Height
1	4.02	0.1556
2	4.02	0.1749
3	4.02	0.1686
4	4.03	0.1514
5	4.04	0.2003
6	4.04	0.2147
7	4.04	0.2137
8	4.05	0.1739
9	4.19	0.1895
10	4.19	0.2338
11	4.19	0.2265
12	4.20	0.1815
13	4.21	0.1592
14	4.21	0.1876
15	4.21	0.1843
16	4.22	0.1378
17	4.46	0.3678
18	4.47	0.4047
19	4.47	0.4152
20	4.48	0.3638
21	4.61	0.3798
22	4.61	0.4709
23	4.61	0.3286
24	4.64	0.2489
25	4.65	0.3983
26	4.66	0.2308
27	6.18	0.5276
28	6.19	0.5123
29	8.30	0.2659
30	8.31	0.3682
31	8.31	0.3472
32	8.32	0.2735
33	8.98	0.3537
34	9.00	0.3347
35	9.33	0.3785
36	9.34	0.3664
37	9.58	0.6454

Table of Multiplets
No.	Shift1 (ppm)	Hs	Type	J (Hz)			Atom1	Multiplet1	 (ppm)
1	4.03		1	ddd	-			14	M10		3.99 .. 4.07
2	4.20		1	ddd	11.93 3.89 2.45	14	M09		4.14 .. 4.24
3	4.47		1	dd	4.79 2.15		5	M08		4.43 .. 4.51
4	4.61		1	m	-			3	M07		4.58 .. 4.63
5	4.65		1	t	5.34			4	M06		4.63 .. 4.69
6	6.19		1	d	5.78			2	M05		6.14 .. 6.23
7	8.31		1	dd	7.87 6.44		10	M04		8.26 .. 8.35
8	8.99		1	d	8.09			9	M03		8.94 .. 9.03
9	9.33		1	d	6.16			11	M02		9.29 .. 9.38
10	9.58		1	s	-			7	M01		9.53 .. 9.62

Table of Assignments
No.	Atom	Exp. Shift (ppm)	Multiplet
1	26	4.03		M10
2	27	4.20		M09
3	24	4.47		M08
4	23	4.61		M07
5	22	4.65		M06
6	25	6.19		M05
7	32	8.31		M04
8	33	8.99		M03
9	31	9.33		M02
10	30	9.58		M01

