Table of Peaks

No. 	(ppm) 	(Hz) 	Height
1 	7.40 	3700.4 	0.7754 	
2 	7.39 	3691.7 	0.8243 	
3 	7.27 	3632.2 	1.0000 	
4 	7.13 	3564.0 	0.8929 	
5 	7.13 	3561.8 	0.9048 	
6 	6.86 	3428.5 	0.4832 	
7 	6.85 	3426.2 	0.4671 	
8 	6.84 	3419.8 	0.4534 	
9 	6.84 	3417.5 	0.4349 	
10 	4.03 	2013.8 	0.3244 	
11 	4.02 	2009.0 	0.3728 	
12 	4.01 	2005.6 	0.3877 	
13 	4.00 	2000.9 	0.3445 	
14 	3.42 	1708.3 	0.1990 	
15 	3.41 	1703.6 	0.2001 	
16 	3.39 	1692.9 	0.2823 	
17 	3.38 	1688.2 	0.2633 	
18 	3.24 	1620.4 	0.2922 	
19 	3.23 	1612.3 	0.2840 	
20 	3.21 	1605.0 	0.2123 	
21 	3.19 	1596.9 	0.2028 	


Table of Multiplets

No. 	Shift1 (ppm) 	Hs 	Type 	J (Hz) 	Atom1 	Multiplet1 	 (ppm)
1 	7.39 	14 	d 	8.69 	6 	M01 	7.36 .. 7.43
2 	7.27 	15 	s 	- 	2 	M02 	7.24 .. 7.30
3 	7.13 	15 	d 	2.20 	9 	M03 	7.10 .. 7.15
4 	6.85 	14 	dd 	8.72 2.31 	7 	M04 	6.81 .. 6.88
5 	4.02 	12 	dd 	8.12 4.78 	11 	M05 	3.98 .. 4.05
6 	3.40 	10 	dd 	15.33 4.71 	10 	M06 	3.36 .. 3.45
7 	3.22 	10 	dd 	15.37 8.14 	10 	M07 	3.17 .. 3.26


Table of Assignments

No. 	Atom 	Exp. Shift (ppm) 	Multiplet
1 	22 	7.39 	M01
2 	19 	7.27 	M02
3 	21 	7.13 	M03
4 	23 	6.85 	M04
5 	18 	4.02 	M05
6 	16 	3.40 	M06
7 	17 	3.22 	M07
