Table of Peaks
No.	(ppm)	(Hz)		Height
1	4.930	2959.73		0.6677
2	6.864	4120.59		0.1841
3	6.865	4121.41		0.2090
4	6.868	4123.12		0.2488
5	6.869	4123.94		0.2636
6	6.877	4128.73		0.1967
7	6.879	4129.56		0.2130
8	6.882	4131.26		0.2723
9	6.883	4132.09		0.2798
10	6.918	4153.27		0.3251
11	6.921	4155.03		0.5003
12	6.925	4157.23		0.3865
13	6.973	4185.95		0.3040
14	6.985	4193.60		0.3306
15	7.278	4369.06		0.3423
16	7.291	4376.98		0.5524
17	7.304	4384.79		0.2919

Table of Multiplets
No.	Shift1 (ppm)	Hs	Type	J (Hz)		Atom1	Multiplet1	 (ppm)
1		4.93	1	s	-		8	M05		4.92 .. 4.95
2		6.87	1	ddd	8.14 2.53 0.83	2	M04		6.85 .. 6.90
3		6.92	1	t	1.98		6	M03		6.91 .. 6.95
4		6.98	1	d	7.65		4	M02		6.96 .. 7.01
5		7.29	1	t	7.87		3	M01		7.26 .. 7.32

Table of Assignments
No.	Atom	Exp. Shift (ppm)	Multiplet
1	12	4.93		M05
2	16	6.87		M04
3	13	6.92		M03
4	14	6.98		M02
5	15	7.29		M01
