Table of Peaks
No. 	(ppm) 	(Hz) 	Height
1 	3.272 	1962.5 	1.1870 	
2 	3.286 	1970.5 	1.2360 	
3 	3.298 	1977.8 	1.5646 	
4 	3.311 	1985.9 	1.6014 	
5 	3.455 	2072.4 	1.4532 	
6 	3.463 	2077.2 	1.5069 	
7 	3.481 	2087.7 	1.1296 	
8 	3.489 	2092.5 	1.1274 	
9 	4.035 	2419.9 	1.7620 	
10 	4.043 	2424.8 	1.9391 	
11 	4.049 	2428.0 	1.8796 	
12 	4.057 	2432.9 	1.6457 	
13 	7.179 	4305.2 	1.1338 	
14 	7.190 	4312.3 	2.4265 	
15 	7.202 	4319.5 	1.4268 	
16 	7.204 	4320.2 	1.5100 	
17 	7.260 	4354.3 	1.2173 	
18 	7.262 	4355.0 	1.3228 	
19 	7.274 	4362.2 	2.1674 	
20 	7.286 	4369.5 	1.0546 	
21 	7.287 	4370.2 	1.0940 	
22 	7.310 	4383.7 	4.0000 	
23 	7.524 	4512.6 	2.5683 	
24 	7.538 	4520.8 	2.3010 	
25 	7.717 	4627.9 	2.3871 	
26 	7.730 	4635.9 	2.2579 	


Table of Multiplets
No. 	Shift1 (ppm) 	Hs 	Type 	J (Hz) 	Atom1 	Multiplet1 	 (ppm)
1 	3.292 	12 	dd 	15.353 8.076 	10 	M08 	3.259 .. 3.323
2 	3.472 	12 	dd 	15.380 4.796 	10 	M07 	3.440 .. 3.502
3 	4.046 	12 	dd 	8.104 4.851 	11 	M06 	4.025 .. 4.067
4 	7.194 	11 	m 	- 	8 	M05 	7.169 .. 7.214
5 	7.274 	11 	m 	- 	9 	M04 	7.251 .. 7.293
6 	7.310 	12 	s 	- 	2 	M03 	7.298 .. 7.324
7 	7.531 	11 	d 	8.159 	6 	M02 	7.512 .. 7.553
8 	7.723 	12 	d 	7.993 	7 	M01 	7.705 .. 7.743


Table of Assignments
No. 	Atom 	Exp. Shift (ppm) 	Multiplet
1 	15 	3.292 	M08
2 	16 	3.472 	M07
3 	17 	4.046 	M06
4 	22 	7.194 	M05
5 	20 	7.274 	M04
6 	18 	7.310 	M03
7 	21 	7.531 	M02
8 	25 	7.723 	M01
