Table of Peaks

No. 	(ppm) 	(Hz) 	Height
1 	7.06 	4229.5 	0.2420 	
2 	4.50 	2696.7 	0.0321 	
3 	4.49 	2691.7 	0.0487 	
4 	4.48 	2688.0 	0.0676 	
5 	4.48 	2683.4 	0.0688 	
6 	4.47 	2679.8 	0.0473 	
7 	4.46 	2675.0 	0.0354 	
8 	3.20 	1918.6 	0.0721 	
9 	3.19 	1913.9 	0.0734 	
10 	3.18 	1903.4 	0.0955 	
11 	3.17 	1898.8 	0.0920 	
12 	3.02 	1809.0 	0.0996 	
13 	3.00 	1800.0 	0.0995 	
14 	2.99 	1793.8 	0.1015 	
15 	2.98 	1785.0 	0.1070 	
16 	2.97 	1780.9 	0.0841 	
17 	2.97 	1778.3 	0.0423 	
18 	2.96 	1773.9 	0.0958 	
19 	2.96 	1772.5 	0.1080 	
20 	2.95 	1769.3 	0.0861 	
21 	2.95 	1765.5 	0.0887 	
22 	2.94 	1762.2 	0.1107 	
23 	2.94 	1761.1 	0.0997 	
24 	2.93 	1756.4 	0.0388 	
25 	2.93 	1753.9 	0.0810 	
26 	2.92 	1749.3 	0.0363 	
27 	2.92 	1748.6 	0.0356 	
28 	2.90 	1741.2 	0.0256 	
29 	2.41 	1447.3 	0.0154 	
30 	2.40 	1439.8 	0.0321 	
31 	2.39 	1432.3 	0.0922 	
32 	2.38 	1424.9 	0.2213 	
33 	2.37 	1417.8 	0.2264 	
34 	2.35 	1410.6 	0.0960 	
35 	2.34 	1403.0 	0.0328 	
36 	2.33 	1395.7 	0.0169 	
37 	1.92 	1150.5 	0.0368 	
38 	1.92 	1148.4 	0.0350 	
39 	1.91 	1143.1 	0.0918 	
40 	1.90 	1141.3 	0.0985 	
41 	1.89 	1135.0 	0.1305 	
42 	1.88 	1127.9 	0.0914 	
43 	1.88 	1125.7 	0.0819 	
44 	1.87 	1120.7 	0.0297 	
45 	1.87 	1118.2 	0.0302 	
46 	0.00 	1.8 	0.9308 	


Table of Multiplets

No. 	Shift1 (ppm) 	Hs 	Type 	J (Hz) 	Atom1 	Multiplet1 	 (ppm)
1 	8.01 	7 	s 	- 	2 	M01 	7.97 .. 8.05
2 	7.06 	7 	s 	- 	4 	M02 	6.97 .. 7.11
3 	4.48 	6 	m 	- 	7 	M03 	4.39 .. 4.56
4 	3.18 	6 	dd 	15.14 4.70 	6 	M04 	3.13 .. 3.22
5 	3.00 	8 	dd 	15.14 8.93 	6 	M05 	2.98 .. 3.04
6 	2.94 	2 	m 	- 	15 	M06 	2.89 .. 2.97
7 	2.37 	2 	m 	- 	13 	M07 	2.32 .. 2.42
8 	1.89 	2 	m 	- 	14 	M08 	1.82 .. 1.96


Table of Assignments

No. 	Atom 	Exp. Shift (ppm) 	Multiplet
1 	29 	8.01 	M01
2 	28 	7.06 	M02
3 	17 	4.48 	M03
4 	18 	3.18 	M04
5 	19 	3.00 	M05
6 	25 	2.94 	M06
7 	21 	2.37 	M07
8 	23 	1.89 	M08


