Table of Peaks

No. 	(ppm) 	(Hz) 	Height
1 	4.03 	2012.2 	0.1420 	
2 	4.02 	2007.9 	0.1555 	
3 	4.01 	2004.9 	0.1519 	
4 	4.00 	2000.6 	0.1539 	
5 	1.70 	851.0 	0.0891 	
6 	1.68 	841.3 	0.0904 	
7 	1.67 	836.9 	0.0848 	
8 	1.63 	815.3 	0.0735 	
9 	1.62 	808.0 	0.1119 	
10 	1.60 	801.3 	0.0646 	
11 	1.33 	663.8 	0.1546 	
12 	1.31 	655.7 	0.2258 	
13 	1.30 	649.9 	0.2905 	
14 	1.29 	645.2 	0.3494 	
15 	1.28 	641.4 	0.4693 	
16 	1.28 	637.4 	0.7307 	
17 	0.87 	434.0 	0.2731 	
18 	0.85 	427.2 	1.0000 	
19 	0.84 	420.4 	0.3039 	


Table of Multiplets

No. 	Shift1 (ppm) 	Hs 	Type 	J (Hz) 	Atom1 	Multiplet1 	 (ppm)
1 	4.01 	1 	dd 	7.25 4.28 	2 	M01 	3.99 .. 4.04
2 	1.65 	2 	m 	- 	3 	M02 	1.54 .. 1.79
3 	1.30 	9 	m 	- 	7 6 5 4 	M03 	1.20 .. 1.40
4 	0.85 	3 	t 	- 	8 	M04 	0.80 .. 0.90


Table of Assignments

No. 	Atom 	Exp. Shift (ppm) 	Multiplet
1 	21 	4.01 	M01
2 	15 	1.65 	M02
3 	17 	1.30 	M03
4 	13 	1.30 	M03
5 	11 	1.30 	M03
6 	19 	1.30 	M03
7 	22 	0.85 	M04
