Table of Peaks
No.	(ppm)	(Hz)	Height
1	3.80	2276.7	0.0882
2	3.80	2280.7	0.0925
3	3.82	2289.4	0.1616
4	3.82	2293.5	0.1637
5	3.87	2318.3	0.1684
6	3.87	2321.4	0.1794
7	3.89	2331.1	0.0961
8	3.89	2334.1	0.0955
9	4.21	2526.7	0.0694
10	4.22	2530.5	0.1715
11	4.22	2533.8	0.1689
12	4.23	2537.5	0.0668
13	4.39	2632.9	0.1446
14	4.40	2636.8	0.1516
15	4.40	2638.0	0.1703
16	4.41	2641.9	0.1370
17	5.89	3533.0	0.2981
18	5.90	3539.0	0.2855
19	7.99	4791.3	0.6011

Table of Multiplets
No.	Shift1 (ppm)	Hs	Type	J (Hz)	Atom1	Multiplet1	 (ppm)
1	3.82	1	d	4.08	17	M06	3.78 .. 3.84
2	3.87	1	d	3.09	17	M05	3.85 .. 3.91
3	4.22	1	q	3.73	5	M04	4.20 .. 4.24
4	4.40	1	dd	5.10 3.89	4	M03	4.38 .. 4.42
5	5.90	1	d	5.95	2	M02	5.86 .. 5.93
6	7.99	1	s	-	7	M01	7.96 .. 8.01

Table of Assignments
No.	Atom	Exp. Shift (ppm)	Multiplet
1	24	3.82	M06
2	25	3.87	M05
3	23	4.22	M04
4	22	4.40	M03
5	20	5.90	M02
6	27	7.99	M01
