Table of Peaks
No.	(ppm)	Height
1	2.63	0.0207
2	2.64	0.0469
3	2.65	0.0265
4	2.66	0.0576
5	2.67	0.1246
6	2.68	0.0611
7	2.68	0.0603
8	2.70	0.0925
9	2.71	0.0653
10	2.71	0.0255
11	2.72	0.0347
12	2.74	0.0243
13	3.02	0.0530
14	3.04	0.0557
15	3.05	0.0706
16	3.06	0.0697
17	3.17	0.0107
18	3.18	0.0255
19	3.19	0.1011
20	3.20	0.0916
21	3.21	0.1825
22	3.21	0.1805
23	3.21	0.1795
24	3.22	0.0906
25	3.22	0.0791
26	3.22	0.0808
27	3.22	0.0892
28	3.23	0.0229
29	3.24	0.0520
30	3.24	0.0510
31	3.25	0.0565
32	3.25	0.0494
33	3.78	1.0000
34	4.48	0.0477
35	4.48	0.0558
36	4.49	0.0533
37	4.50	0.0473
38	7.12	0.1532
39	7.12	0.1508
40	8.29	0.1524
41	8.29	0.1515

Table of Multiplets
No.	Shift1 (ppm)	Hs	Type	J (Hz)		Atom1		Multiplet1	 (ppm)
1	2.68		2	m	-		14		M07		2.62 .. 2.74
2	3.04		1	dd	15.79 8.97	7		M06		3.01 .. 3.07
3	3.21		3	m	-		15 7		M05		3.16 .. 3.26
4	3.78		3	s	-		6		M04		3.77 .. 3.80
5	4.49		1	dd	-		8		M03		4.46 .. 4.51
6	7.12		1	d	0.99		5		M02		7.11 .. 7.13
7	8.29		1	d	0.72		2		M01		8.29 .. 8.30

Table of Assignments
No.	Atom	Exp. Shift (ppm)	Multiplet
1	22	2.68			M07
2	18	3.04			M06
3	28	3.21			M05
4	19	3.21			M05
5	25	3.78			M04
6	17	4.49			M03
7	21	7.12			M02
8	24	8.29			M01

