Table of Peaks
No.	(ppm)	(Hz)	Height
1	3.96	1978.6	1.0000
2	3.97	1984.0	0.8977
3	7.00	3496.4	0.6191
4	7.00	3497.1	0.7304
5	7.01	3505.0	0.9631
6	7.01	3505.3	0.9570
7	7.03	3511.8	0.6607
8	7.04	3519.1	0.3962
9	7.04	3520.1	0.3658
10	7.47	3731.5	0.3339
11	7.47	3733.2	0.3586
12	7.48	3738.9	0.3879
13	7.48	3739.8	0.4792
14	7.48	3740.4	0.5017
15	7.49	3741.4	0.4021
16	7.50	3747.1	0.2955
17	7.50	3748.8	0.2944
18	7.77	3885.5	0.6538
19	7.78	3887.0	0.6666
20	7.79	3893.4	0.6533
21	7.79	3895.0	0.6348

Table of Multiplets
No.	Shift1 (ppm)	Hs	Type	J (Hz)			Atom1	Multiplet1	 (ppm)
1	3.96		2	d	5.44			11	M04		3.92 .. 3.99
2	7.01		2	dd	7.48 7.14		4 6	M03		6.96 .. 7.07
3	7.48		1	ddd	8.42 7.15 1.67	5	M02		7.44 .. 7.52
4	7.78		1	dd	7.93 1.54		3	M01		7.74 .. 7.81

Table of Assignments
No.	Atom	Exp. Shift (ppm)	Multiplet
1	16	3.96			M04
2	19	7.01			M03
3	18	7.01			M03
4	20	7.48			M02
5	14	7.78			M01
