Table of Peaks
No. 	(ppm) 	(Hz) 	Height
1 	1.36 	812.8 	0.0106 	
2 	1.36 	817.5 	0.0213 	
3 	1.37 	823.5 	0.0318 	
4 	1.38 	829.2 	0.0357 	
5 	1.39 	834.2 	0.0436 	
6 	1.41 	842.8 	0.0553 	
7 	1.42 	849.4 	0.0523 	
8 	1.43 	859.8 	0.0381 	
9 	1.45 	866.8 	0.0303 	
10 	1.46 	872.9 	0.0170 	
11 	1.47 	880.0 	0.0087 	
12 	1.54 	920.6 	0.0396 	
13 	1.55 	927.8 	0.1086 	
14 	1.56 	934.8 	0.1363 	
15 	1.57 	941.9 	0.0859 	
16 	1.59 	950.3 	0.0259 	
17 	1.82 	1089.3 	0.0102 	
18 	1.83 	1095.6 	0.0184 	
19 	1.84 	1103.7 	0.0377 	
20 	1.85 	1110.1 	0.0525 	
21 	1.86 	1116.7 	0.0604 	
22 	1.87 	1122.8 	0.0745 	
23 	1.88 	1128.2 	0.0690 	
24 	1.89 	1133.6 	0.0579 	
25 	1.90 	1139.2 	0.0365 	
26 	1.92 	1147.9 	0.0192 	
27 	1.92 	1153.7 	0.0097 	
28 	1.99 	1191.0 	1.0000 	
29 	3.18 	1903.4 	0.0837 	
30 	3.19 	1910.0 	0.2050 	
31 	3.20 	1916.1 	0.1894 	
32 	3.21 	1922.6 	0.0721 	
33 	3.73 	2234.8 	0.0986 	
34 	3.74 	2240.8 	0.1616 	
35 	3.75 	2247.0 	0.1012 	

Table of Multiplets
No. 	Shift1 (ppm) 	Hs 	Type 	J (Hz) 	Atom1 	Multiplet1 	 (ppm)
1 	3.74 	1 	t 	6.10 	4 	M01 	3.69 .. 3.78
2 	1.56 	2 	m 	- 	8 	M05 	1.51 .. 1.62
3 	1.87 	2 	m 	- 	6 	M04 	1.79 .. 1.95
4 	1.41 	2 	m 	- 	7 	M06 	1.34 .. 1.48
5 	3.19 	2 	q 	6.61 	9 	M02 	3.16 .. 3.23
6 	1.99 	3 	s 	- 	13 	M03 	1.97 .. 2.01


Table of Assignments
No. 	Atom 	Exp. Shift (ppm) 	Multiplet
1 	13 	1.41 	M06
2 	17 	1.56 	M05
3 	15 	1.87 	M04
4 	25 	1.99 	M03
5 	20 	3.19 	M02
6 	19 	3.74 	M01
