Table of Peaks
No.	(ppm)	(Hz)	Height
1	2.64	1580.2	0.0286
2	2.65	1586.6	0.0619
3	2.66	1593.2	0.0373
4	2.66	1596.5	0.1152
5	2.67	1602.9	0.2407
6	2.68	1606.8	0.1309
7	2.69	1609.4	0.1340
8	2.69	1614.0	0.1809
9	2.70	1620.4	0.1290
10	2.71	1623.0	0.0388
11	2.72	1630.3	0.0475
12	2.73	1636.7	0.0347
13	3.01	1805.7	0.1038
14	3.03	1814.4	0.1049
15	3.04	1821.0	0.1446
16	3.05	1829.6	0.1440
17	3.17	1898.7	0.1269
18	3.18	1903.2	0.1337
19	3.19	1913.5	0.0965
20	3.19	1914.0	0.0958
21	3.20	1918.4	0.0968
22	3.20	1918.9	0.0955
23	3.21	1926.8	0.0417
24	3.23	1933.5	0.1968
25	3.23	1936.6	0.1799
26	3.24	1939.9	0.3320
27	3.24	1943.1	0.2338
28	3.24	1943.8	0.2430
29	3.25	1946.4	0.1666
30	3.25	1950.2	0.1686
31	3.26	1956.9	0.0326
32	3.28	1963.3	0.0211
33	4.47	2676.4	0.0382
34	4.48	2683.5	0.0750
35	4.49	2689.0	0.0710
36	4.50	2695.8	0.0305
37	7.09	4247.0	0.4358
38	8.07	4840.1	0.4069
39	8.08	4840.9	0.4412

Table of Multiplets
No.	Shift1 (ppm)	Hs	Type	J (Hz)	Atom1	Multiplet1	 (ppm)
1	2.68	1	dt	11.04	13	M07	2.66 .. 2.71
2	2.68	1	dt	7.74	13	M07	2.66 .. 2.71
3	2.68	1	dt	7.74	13	M07	2.66 .. 2.71
4	3.03	1	dd	15.22	6	M06	3.00 .. 3.06
5	3.03	1	dd	8.62	6	M06	3.00 .. 3.06
6	3.19	1	dd	15.20	6	M05	3.16 .. 3.21
7	3.19	1	dd	4.94	6	M05	3.16 .. 3.21
8	3.24	2	dt	6.48	14	M04	3.22 .. 3.26
9	3.24	2	dt	6.48	14	M04	3.22 .. 3.26
10	3.24	2	dt	3.85	14	M04	3.22 .. 3.26
11	4.48	1	m	-	7	M03	4.45 .. 4.51
12	7.09	1	s	-	5	M02	7.06 .. 7.11
13	8.08	1	s	-	2	M01	7.96 .. 8.17

Table of Assignments
No.	Atom	Exp. Shift (ppm)	Multiplet
1	20	2.68	M07
2	18	3.03	M06
3	19	3.19	M05
4	23	3.24	M04
5	16	4.48	M03
6	25	7.09	M02
7	26	8.08	M01
