Table of Peaks

No. 	(ppm) 	(Hz) 	Height
1 	4.00 	1999.3 	0.0321 	
2 	3.99 	1992.8 	0.0570 	
3 	3.98 	1987.6 	0.0659 	
4 	3.96 	1981.7 	0.0469 	
5 	3.96 	1980.2 	0.0400 	
6 	3.95 	1974.3 	0.0201 	
7 	2.35 	1175.0 	0.2924 	
8 	2.34 	1170.3 	0.3500 	
9 	2.34 	1169.1 	0.3324 	
10 	2.33 	1162.8 	0.2767 	
11 	1.50 	747.4 	0.0212 	
12 	1.49 	742.5 	0.0365 	
13 	1.48 	738.1 	0.0685 	
14 	1.46 	731.9 	0.0927 	
15 	1.45 	726.8 	0.0784 	
16 	1.44 	717.9 	0.0210 	
17 	1.27 	636.2 	0.7202 	
18 	0.86 	431.9 	0.2012 	
19 	0.85 	425.1 	0.7755 	
20 	0.84 	418.0 	0.2473 	


Table of Multiplets
No. 	Shift1 (ppm) 	Hs 	Type 	Atom1 	Multiplet1 	 (ppm)
1 	3.97 	1 	m 	2 	M01 	3.94 .. 4.00
2 	2.34 	2 	dd 	12 	M02 	2.32 .. 2.36
3 	1.47 	1 	m 	3 	M03 	1.42 .. 1.52
4 	1.27 	14 	m 	10 9 8 7 6 5 4 	M04 	1.23 .. 1.36
5 	0.85 	3 	t 	11 	M05 	0.81 .. 0.89

Table of Assignments
No. 	Atom 	Exp. Shift (ppm) 	Multiplet
1 	27 	3.97 	M01
2 	32 	2.34 	M02
3 	23 	1.47 	M03
4 	25 	1.27 	M04
5 	21 	1.27 	M04
6 	17 	1.27 	M04
7 	15 	1.27 	M04
8 	19 	1.27 	M04
9 	28 	1.27 	M04
10 	30 	1.27 	M04
11 	34 	0.85 	M05
