Table of Peaks
No.	(ppm)	Height
1	7.193	-0.0004
2	7.189	0.0263
3	7.186	0.0058
4	7.178	0.0079
5	7.175	0.0300
6	7.170	0.0006
7	6.901	0.0010
8	6.897	0.0335
9	6.894	0.0070
10	6.886	0.0083
11	6.883	0.0313
12	6.877	0.0003
13	3.943	0.0077
14	3.934	0.0096
15	3.930	0.0106
16	3.921	0.0087
17	3.203	0.0035
18	3.194	0.0033
19	3.178	0.0064
20	3.170	0.0057
21	3.062	0.0063
22	3.049	0.0061
23	3.037	0.0036
24	3.024	0.0037

Table of Multiplets
No.	Shift1 (ppm)	Hs	Type	Atom1	Multiplet1	 (ppm)
1	3.024		0	dd	8	M05		3.014 .. 3.072
2	3.170		0	dd	8	M04		3.161 .. 3.213
3	3.921		0	dd	9	M03		3.909 .. 3.954
4	6.877		2	m	2 6	M02		6.868 .. 6.909
5	7.170		2	m	3 5	M01		7.161 .. 7.201

Table of Assignments
No.	Atom	Exp. Shift (ppm)	Multiplet
1	13	3.024			M05
2	14	3.170			M04
3	15	3.921			M03
4	20	6.877			M02
5	21	6.877			M02
6	16	7.170			M01
7	17	7.170			M01
