Table of Peaks
No. 	(ppm) 	(Hz) 	Height
1 	2.96 	1775.2 	0.0187
2 	2.95	1768.3 	0.0914
3 	2.94 	1761.5 	0.1792
4 	2.93 	1754.8 	0.1834
5 	2.92 	1748.1 	0.0990
6 	2.90 	1741.2 	0.0231
7 	1.74 	1041.1 	0.0181
8 	1.72 	1033.7 	0.0639
9 	1.71 	1027.3 	0.1026
10 	1.70 	1019.9 	0.1448
11 	1.69 	1013.4 	0.1081
12 	1.69 	1012.5 	0.1159
13 	1.68 	1006.1 	0.0821
14 	1.67 	998.6 	0.0255
15 	1.50 	896.4 	0.0211
16 	1.48 	889.0 	0.0792
17 	1.47 	881.9 	0.1246
18 	1.46 	874.8 	0.1345
19 	1.45 	867.8 	0.1106
20 	1.44 	860.8 	0.0723
21 	1.42 	853.4 	0.0212
22 	1.11 	662.8 	1.0000
23 	1.09 	655.8 	0.9926
24 	0.91	544.1 	0.4697
25 	0.90 	536.6 	0.9327
26 	0.88 	529.1 	0.4410


Table of Multiplets
No. 	Shift1 (ppm)	Hs 	Type 	J (Hz) 	Atom1 	Multiplet1 	(ppm)
1 	0.90 	3 	t 	7.47 	8 	M01 	0.85 .. 0.93
2 	1.10 	3	d	 7.03 	9 	M02 	1.07 .. 1.13
3	1.46 	1 	m 	- 	7 	M03 	1.41 .. 1.52
4 	1.70 	1 	m 	- 	7	M04	 1.64 .. 1.76
5	2.93 	1 	m 	- 	6 	M05 	2.87 .. 3.00


Table of Assignments	
No. 	Atom 	Exp. Shift (ppm) 	Multiplet
1 	12 	1.10 	M02
2 	15 	0.90 	M01
3 	10 	1.46 	M03
4 	11 	1.70 	M04
5 	9 	2.93 	M05

