Table of Peaks
No. 	(ppm) 	(Hz) 	Height
1 	0.936 	468.0 	1.9662 	
2 	0.948 	473.9 	4.0000 	
3 	0.960 	479.8 	2.1277 	
4 	1.631 	815.3 	0.0172 	
5 	1.644 	821.6 	0.0619 	
6 	1.651 	825.0 	0.2090 	
7 	1.668 	833.7 	0.3539 	
8 	1.676 	837.9 	0.2772 	
9 	1.687 	843.3 	0.6210 	
10 	1.691 	845.4 	0.3965 	
11 	1.700 	849.6 	0.5667 	
12 	1.709 	854.0 	0.4321 	
13 	1.714 	856.6 	0.6827 	
14 	1.726 	862.7 	0.2860 	
15 	1.735 	867.1 	0.3208 	
16 	1.745 	872.3 	0.2328 	
17 	1.758 	878.7 	0.0428 	
18 	1.766 	882.6 	0.0368 	
19 	3.701 	1850.0 	0.0305 	
20 	3.712 	1855.2 	0.2982 	
21 	3.717 	1857.8 	0.1697 	
22 	3.722 	1860.4 	0.5636 	
23 	3.730 	1864.3 	0.2136 	
24 	3.734 	1866.3 	0.1809 	
25 	3.739 	1868.8 	0.3759 	


Table of Multiplets
No. 	Shift1 (ppm) 	Hs 	Type 	J (Hz) 	Atom1 	Multiplet1 	 (ppm)
1 	0.948 	57 	t 	5.897 	8 9 	M01 	0.916 .. 0.974
2 	1.700 	30 	m 	- 	7 6 	M02 	1.627 .. 1.773
3 	3.722 	8 	m 	- 	4 	M03 	3.695 .. 3.749


Table of Assignments
No. 	Atom 	Exp. Shift (ppm) 	Multiplet
1 	13 	0.948 	M01
2 	16 	0.948 	M01
3 	9 	1.700 	M02
4 	10 	1.700 	M02
5 	12 	3.722 	M03
