Table of Peaks
No.	(ppm)	(Hz)	Height
1	-0.01	-8.6	0.0847
2	0.65	391.4	0.1005
3	0.67	402.1	0.0998
4	0.68	408.2	0.1050
5	0.70	418.8	0.1068
6	1.46	872.8	0.1107
7	1.47	880.1	0.1042
8	2.14	1285.4	0.1244
9	2.15	1288.5	0.1310
10	2.17	1302.2	0.1230
11	2.18	1305.3	0.1202
12	2.22	1331.0	1.0000
13	3.02	1813.3	0.1151
14	3.05	1827.3	0.0897
15	3.10	1856.4	0.1402
16	3.26	1952.5	0.1801
17	3.26	1956.5	0.1467
18	3.28	1966.3	0.0786
19	3.29	1970.4	0.0785
20	3.76	2253.6	0.0255
21	3.94	2365.2	0.1639
22	4.09	2452.7	0.0661
23	4.09	2454.0	0.0727
24	4.09	2455.7	0.0779
25	4.10	2457.1	0.0764
26	4.11	2463.3	0.0706
27	4.11	2464.7	0.0781
28	4.11	2466.4	0.0710
29	4.11	2467.8	0.0678
30	4.45	2669.5	0.0596
31	4.46	2673.5	0.1056
32	4.46	2676.9	0.0572
33	4.47	2678.2	0.0556
34	6.87	4119.4	0.1740
35	6.88	4127.8	0.1864
36	7.17	4297.4	0.1815
37	7.18	4305.8	0.1628
38	7.20	4317.4	0.2001
39	7.21	4323.9	0.2255
40	7.21	4325.5	0.1773
41	7.31	4382.0	0.4671
42	7.32	4389.1	0.5821
43	7.35	4406.3	0.0922
44	7.36	4413.7	0.2995
45	7.37	4421.0	0.2330
46	7.38	4426.3	0.1155
47	7.39	4429.1	0.0359
48	7.39	4431.7	0.0830
49	7.39	4433.2	0.1478
50	7.39	4435.0	0.0964
51	7.40	4438.2	0.6454
52	7.41	4446.0	0.7437
53	7.43	4453.2	0.2384


Table of Multiplets
No.	Atom	Exp. Shift (ppm)	Multiplet
1	23	3.10	M03
2	25	3.27	M04
3	26	3.27	M04
4	20	7.19	M07
5	21	7.31	M08
6	22	7.31	M08
7	28	7.39	M09
8	32	7.39	M09
9	33	7.39	M09
10	31	7.39	M09
11	27	7.39	M09

Table of Assignments
No.	Shift1 (ppm)	Hs	Type	J (Hz)	Atom1	Multiplet1	 (ppm)
1	2.22	1	s	-		M01	2.20 .. 2.22
2	3.10	1	s	-	14a	M03	3.07 .. 3.11
3	3.27	2	m	-	17a 17b	M04	3.23 .. 3.29
4	7.19	2	m	-	8a	M07	7.16 .. 7.22
5	7.31	3	d	7.11	7b 7a	M08	7.30 .. 7.33
6	7.39	5	m	-	2a 3a 4a 5a 6a	M09	7.35 .. 7.43



