Table of Peaks
No. 	(ppm) 	(Hz) 	Height
1 	1.993 	1196.2 	0.0717 	
2 	2.002 	1202.1 	0.0789 	
3 	2.006 	1204.3 	0.1379 	
4 	2.015 	1209.4 	0.1454 	
5 	2.016 	1210.0 	0.1469 	
6 	2.020 	1212.5 	0.1022 	
7 	2.024 	1215.0 	0.1065 	
8 	2.026 	1216.4 	0.1106 	
9 	2.029 	1218.2 	0.1773 	
10 	2.036 	1222.3 	0.0968 	
11 	2.039 	1224.0 	0.1163 	
12 	2.041 	1225.3 	0.1027 	
13 	2.051 	1231.3 	0.0898 	
14 	2.351 	1411.1 	0.0067 	
15 	2.363 	1418.4 	0.0140 	
16 	2.380 	1428.6 	0.3803 	
17 	2.394 	1436.9 	0.7466 	
18 	2.396 	1438.5 	0.3559 	
19 	2.407 	1445.1 	0.6487 	
20 	2.425 	1455.9 	0.0165 	
21 	2.436 	1462.5 	0.0048 	
22 	2.467 	1480.7 	0.1146 	
23 	2.478 	1487.3 	0.0984 	
24 	2.482 	1489.8 	0.1845 	
25 	2.488 	1493.5 	0.1095 	
26 	2.493 	1496.5 	0.1585 	
27 	2.497 	1499.0 	0.1047 	
28 	2.500 	1500.8 	0.1211 	
29 	2.503 	1502.4 	0.1787 	
30 	2.508 	1505.7 	0.0769 	
31 	2.515 	1509.7 	0.1486 	
32 	2.517 	1511.3 	0.0933 	
33 	2.530 	1518.6 	0.0634 	
34 	4.161 	2498.1 	0.2329 	
35 	4.171 	2503.9 	0.2433 	
36 	4.176 	2507.1 	0.2464 	
37 	4.186 	2512.9 	0.2237 	


Table of Multiplets
No. 	Shift1 (ppm) 	Hs 	Type 	J (Hz) 	Atom1 	Multiplet1 	 (ppm)
1 	2.02 	15 	m 	- 	4 	M04 	1.98 .. 2.07
2 	2.39 	31 	m 	- 	3 	M03 	2.34 .. 2.44
3 	2.50 	16 	m 	- 	4 	M02 	2.45 .. 2.54
4 	4.17 	15 	dd 	9.02 5.83 	5 	M01 	4.15 .. 4.20


Table of Assignments
No. 	Atom 	Exp. Shift (ppm) 	Multiplet
1 	10 	2.02 	M04
2 	12 	2.39 	M03
3 	11 	2.50 	M02
4 	9 	4.17 	M01
