Table of Peaks
No.	(ppm)	(Hz)	Height
1	3.64	2184.0	0.1604
2	3.64	2184.8	0.1428
3	3.65	2190.4	0.2351
4	3.66	2195.7	0.1972
5	3.67	2199.0	0.1953
6	3.67	2202.2	0.2313
7	3.68	2207.5	0.0360
8	3.74	2245.5	0.0764
9	3.76	2252.7	1.0000
10	3.76	2255.7	0.6254
11	3.77	2258.1	0.3403
12	3.78	2265.6	0.0673
13	3.81	2283.4	0.3977
14	3.81	2285.8	0.3509
15	3.83	2296.3	0.3066
16	4.02	2410.9	0.2554
17	4.03	2414.4	0.4603
18	4.03	2417.6	0.3062
19	4.12	2470.4	0.7746
20	4.13	2474.1	0.6940

Table of Multiplets
No.	Shift1 (ppm)	Hs	Type	J (Hz)	Atom1	Multiplet1	 (ppm)
1	3.66	1	dd	11.80	7	M05	3.64 .. 3.68
2	3.66	1	dd	6.51	7	M05	3.64 .. 3.68
3	3.76	2	m	-	2 3	M04	3.74 .. 3.78
4	3.82	1	dd	10.56	7	M03	3.80 .. 3.84
5	3.82	1	dd	2.43	7	M03	3.80 .. 3.84
6	4.03	1	d	3.20	4	M02	4.01 .. 4.04
7	4.12	1	d	3.69	5	M01	4.11 .. 4.14

Table of Assignments
No.	Atom	Exp. Shift (ppm)	Multiplet
1	16	3.66	M05
2	14	3.76	M04
3	12	3.76	M04
4	17	3.82	M03
5	13	4.03	M02
6	15	4.12	M01
