Table of Peaks
No.	(ppm)	(Hz)	Height
1	1.94	1163.1	0.0302
2	1.95	1170.4	0.1169
3	1.96	1177.5	0.2334
4	1.97	1183.6	0.5394
5	1.99	1190.8	0.9142
6	2.00	1198.7	1.0000
7	2.01	1205.9	0.7371
8	2.02	1212.6	0.3412
9	2.03	1218.1	0.3325
10	2.04	1224.2	0.4185
11	2.05	1230.2	0.5043
12	2.06	1236.7	0.5904
13	2.07	1244.0	0.4270
14	2.09	1250.8	0.1609
15	2.31	1383.7	0.1543
16	2.32	1390.7	0.4455
17	2.33	1397.6	0.3646
18	2.33	1399.3	0.4784
19	2.34	1403.3	0.3434
20	2.34	1405.4	0.3518
21	2.35	1412.2	0.3753
22	2.37	1419.4	0.1685
23	3.30	1980.7	0.2735
24	3.31	1987.8	0.6208
25	3.32	1992.4	0.5092
26	3.33	1994.9	0.3683
27	3.33	1999.4	0.9889
28	3.35	2006.6	0.5267
29	3.39	2032.0	0.3952
30	3.39	2035.6	0.1269
31	3.40	2039.1	0.7822
32	3.41	2043.8	0.3429
33	3.41	2046.1	0.4751
34	3.42	2050.6	0.5240
35	3.43	2057.7	0.2833
36	4.11	2462.1	0.7740
37	4.12	2468.6	0.8513
38	4.12	2470.8	0.7651
39	4.13	2477.1	0.6783

Table of Multiplets
No.	Shift1 (ppm)	Hs	Type	J (Hz)	Atom1	Multiplet1	 (ppm)
1	1.99	3	m	-	3	M06	1.94 .. 2.06
2	2.06	1	m	-	4	M05	2.02 .. 2.09
3	2.34	1	m	-	4	M04	2.30 .. 2.37
4	3.33	1	dt	14.02 7.11	2	M03	3.30 .. 3.35
5	3.41	1	dt	11.65 7.02	2	M02	3.38 .. 3.44
6	4.12	1	dd	8.63 6.42	5	M01	4.10 .. 4.14

Table of Assignments
No.	Atom	Exp. Shift (ppm)	Multiplet
1	11	1.99	M06
2	9	2.06	M05
3	10	2.34	M04
4	13	3.33	M03
5	14	3.41	M02
6	8	4.12	M01
