Table of Peaks
No.	(ppm)	Height
1	0.66	0.8037
2	1.07	0.0193
3	1.08	0.0245
4	1.09	0.0367
5	1.10	0.0384
6	1.11	0.0360
7	1.12	0.0334
8	1.13	0.0177
9	1.14	0.0201
10	1.16	0.0417
11	1.16	0.0426
12	1.18	0.0312
13	1.18	0.0297
14	1.19	0.0149
15	1.20	0.0343
16	1.20	0.0215
17	1.21	0.0382
18	1.22	0.0492
19	1.22	0.0484
20	1.23	0.0494
21	1.23	0.0522
22	1.24	0.0376
23	1.25	0.0497
24	1.25	0.0560
25	1.27	0.0668
26	1.27	0.0744
27	1.29	0.0738
28	1.31	0.0434
29	1.31	0.0348
30	1.33	0.0136
31	1.34	0.0132
32	1.34	0.0169
33	1.35	0.0183
34	1.36	0.0188
35	1.36	0.0354
36	1.37	0.0276
37	1.38	0.0271
38	1.38	0.0340
39	1.39	0.0146
40	1.40	0.0132
41	1.40	0.0120
42	1.55	0.0142
43	1.55	0.0161
44	1.56	0.0189
45	1.57	0.0299
46	1.57	0.0324
47	1.58	0.0280
48	1.58	0.0307
49	1.58	0.0282
50	1.59	0.0171
51	1.60	0.0122
52	1.75	0.0306
53	1.75	0.0280
54	1.76	0.0340
55	1.76	0.0285
56	1.77	0.0324
57	1.78	0.0310
58	1.78	0.0303
59	1.81	0.0300
60	1.82	0.0516
61	1.82	0.0351
62	1.83	0.0345
63	1.84	0.0504
64	1.84	0.0396
65	1.85	0.0180
66	1.86	0.0273
67	1.87	0.0308
68	1.88	0.0305
69	1.88	0.0287
70	1.89	0.0236
71	1.89	0.0129
72	1.91	0.0102
73	2.03	0.0213
74	2.04	0.0245
75	2.05	0.0388
76	2.06	0.0417
77	2.07	0.0223
78	2.08	0.0210
79	2.21	0.0330
80	2.22	0.0334
81	2.22	0.0201
82	2.23	0.0204
83	2.23	0.0330
84	2.24	0.0299
85	2.66	0.0112
86	2.67	0.0149
87	2.68	0.0516
88	2.69	0.0581
89	2.69	0.0779
90	2.71	0.0313
91	2.72	0.0329
92	2.73	0.0087
93	2.74	0.0077
94	2.75	0.0078
95	3.51	0.0840
96	6.42	0.1230
97	6.43	0.1277
98	6.49	0.0678
99	6.49	0.0606
100	6.50	0.0712
101	6.51	0.0627
102	7.03	0.1073
103	7.04	0.1022


Table of Assignment
No.	Atom	Exp. Shift (ppm)	Multiplet
1	34	0.66	M12
2	29	1.27	M11
3	20	1.27	M11
4	24	1.27	M11
5	32	1.27	M11
6	26	1.27	M11
7	21	1.27	M11
8	30	1.27	M11
9	27	1.55	M10
10	33	1.76	M09
11	25	1.82	M08
12	31	1.82	M08
13	22	2.03	M07
14	30	2.21	M06
15	37	2.68	M05
16	23	3.51	M04
17	41	6.43	M03
18	42	6.50	M02
19	40	7.04	M01

Table of Multiplets
No.	Shift1 (ppm)	Hs	Type	J (Hz)	Atom1	Multiplet1	 (ppm)
1	0.66	3	s	-	18	M12	0.61 .. 0.70
2	1.27	7	m	-	5 2a 6 10 9 3a 8	M11	1.04 .. 1.43
3	1.55	1	br. s.	-	9	M10	1.52 .. 1.63
4	1.76	1	m	-	10	M09	1.71 .. 1.80
5	1.82	2	m	-	6 8	M08	1.80 .. 1.93
6	2.03	1	br. s.	-	4a	M07	1.99 .. 2.11
7	2.21	1	br. s.	-	5	M06	2.16 .. 2.28
8	2.68	2	m	-	11	M05	2.63 .. 2.78
9	3.51	1	s	-	7	M04	3.48 .. 3.53
10	6.43	1	d	2.20	17	M03	6.39 .. 6.46

