Table of Peaks
No. 	(ppm) 	(Hz) 	Height
1 	3.548 	2126.9 	0.1743 	
2 	3.560 	2133.7 	0.8352 	
3 	3.568 	2139.0 	0.4143 	
4 	3.579 	2145.4 	1.0476 	
5 	3.593 	2154.0 	0.3674 	
6 	3.614 	2166.0 	0.1383 	
7 	3.661 	2194.6 	0.1597 	
8 	3.664 	2196.3 	0.1769 	
9 	3.668 	2198.7 	0.1514 	
10 	3.678 	2204.6 	0.1560 	
11 	3.688 	2210.8 	0.2064 	
12 	3.692 	2213.3 	0.1430 	
13 	3.699 	2217.0 	0.6521 	
14 	3.702 	2218.8 	0.5927 	
15 	3.710 	2223.8 	1.0688 	
16 	3.720 	2229.8 	0.5986 	
17 	3.723 	2231.6 	0.6113 	
18 	3.730 	2235.5 	0.8160 	
19 	3.795 	2274.8 	0.8707 	
20 	3.802 	2278.8 	0.2571 	
21 	3.812 	2284.8 	1.1284 	
22 	3.821 	2290.5 	0.3059 	
23 	3.825 	2293.0 	0.1530 	
24 	3.832 	2296.7 	0.1314 	
25 	3.836 	2299.3 	0.1521 	
26 	3.841 	2302.6 	0.1351 	
27 	3.847 	2306.0 	0.0588 	
28 	3.892 	2332.6 	0.5856 	
29 	3.897 	2336.1 	0.6228 	
30 	3.908 	2342.6 	0.3989 	
31 	3.914 	2346.1 	0.4544 	
32 	4.002 	2398.9 	0.6348 	
33 	4.005 	2400.4 	0.7055 	
34 	4.007 	2401.8 	0.6252 	
35 	4.018 	2408.1 	0.7158 	
36 	4.019 	2409.1 	0.6003 	
37 	4.039 	2421.0 	0.5797 	
38 	4.041 	2422.0 	0.5339 	
39 	4.101 	2458.0 	0.0208 	
40 	4.115 	2466.4 	0.4777 	
41 	4.121 	2470.1 	0.5481 	
42 	4.136 	2478.9 	0.0220 	


Table of Multiplets
No. 	Shift1 (ppm) 	Hs 	Type 	J (Hz) 	Atom1 	Multiplet1 	 (ppm)
1 	3.577 	13 	m 	- 	7 	M07 	3.538 .. 3.622
2 	3.695 	21 	m 	- 	7 11 	M06 	3.651 .. 3.742
3 	3.823 	15 	m 	- 	3 5 11 	M05 	3.780 .. 3.854
4 	3.903 	9 	dd 	9.998 3.461 	4 	M04 	3.882 .. 3.924
5 	4.005 	9 	m 	- 	5 	M03 	3.989 .. 4.014
6 	4.029 	8 	dd 	12.882 1.016 	11 	M02 	4.013 .. 4.049
7 	4.118 	6 	m 	- 	3 4 	M01 	4.096 .. 4.141


Table of Assignments
No. 	Atom 	Exp. Shift (ppm) 	Multiplet
1 	15 	3.577 	M07
2 	16	3.695 	M06
3 	17 	3.695 	M06
4 	12 	3.823 	M05
5 	14 	3.823 	M05
6 	18 	3.823 	M05
7 	13 	3.903 	M04
8 	14 	4.005 	M03
9 	18 	4.029 	M02
10 	12 	4.118 	M01
11 	13 	4.118 	M01
