Table of Peaks
No.	(ppm)	(Hz)	Height
1	3.064	1531.39	0.9449
2	3.067	1532.90	0.9741
3	3.078	1538.71	0.9384
4	3.082	1540.22	1.0000
5	5.839	2918.54	0.1859
6	5.842	2920.00	0.4016
7	5.845	2921.51	0.2175
8	5.870	2934.06	0.2229
9	5.873	2935.57	0.4354
10	5.876	2937.08	0.2353
11	6.620	3309.07	0.2036
12	6.635	3316.35	0.4462
13	6.650	3323.72	0.2447
14	6.651	3324.59	0.2597
15	6.666	3331.96	0.4203
16	6.681	3339.29	0.1907

Table of Multiplets
No.	Shift1 (ppm)	Hs	Type	J (Hz)	Atom1	Multiplet1	 (ppm)
1	3.073	2	dd	7.33 1.51	4	M03	3.052 .. 3.099
2	5.858	1	dt	15.56 1.49	6	M02	5.823 .. 5.893
3	6.651	1	dt	15.58 7.32	5	M01	6.608 .. 6.699

Table of Assignments
No.	Atom	Exp. Shift (ppm)	Multiplet
1	9	3.073	M03
2	12	5.858	M02
3	11	6.651	M01

