Table of Peaks
No. 	(ppm) 	(Hz) 	Height
1 	0.70 	349.7 	0.9160 	
2 	0.95 	476.7 	0.0345 	
3 	0.96 	480.9 	0.0356 	
4 	0.98 	488.6 	0.0614 	
5 	0.98 	492.2 	0.0651 	
6 	1.00 	499.6 	0.0440 	
7 	1.01 	503.5 	0.0416 	
8 	1.03 	515.2 	0.0192 	
9 	1.04 	519.5 	0.0199 	
10 	1.06 	528.3 	0.0433 	
11 	1.06 	531.6 	0.0467 	
12 	1.08 	540.7 	0.0459 	
13 	1.09 	544.6 	0.0463 	
14 	1.11 	553.6 	0.0252 	
15 	1.12 	557.9 	0.0229 	
16 	1.19 	595.8 	1.0000 	
17 	1.31 	655.5 	0.0155 	
18 	1.32 	660.8 	0.0352 	
19 	1.33 	666.7 	0.0328 	
20 	1.34 	672.1 	0.0708 	
21 	1.35 	675.7 	0.0507 	
22 	1.36 	678.4 	0.0536 	
23 	1.37 	684.7 	0.0823 	
24 	1.38 	688.7 	0.0701 	
25 	1.39 	696.9 	0.0586 	
26 	1.40 	700.1 	0.0567 	
27 	1.41 	704.8 	0.0398 	
28 	1.42 	707.5 	0.0328 	
29 	1.43 	717.2 	0.0530 	
30 	1.44 	720.4 	0.0522 	
31 	1.46 	729.6 	0.0475 	
32 	1.47 	733.3 	0.0504 	
33 	1.57 	782.6 	0.0578 	
34 	1.57 	785.9 	0.0614 	
35 	1.59 	793.8 	0.0555 	
36 	1.59 	797.1 	0.0547 	
37 	1.61 	804.8 	0.0254 	
38 	1.62 	808.6 	0.0517 	
39 	1.62 	811.3 	0.0627 	
40 	1.63 	814.5 	0.0612 	
41 	1.64 	818.5 	0.0323 	
42 	1.64 	821.0 	0.0285 	
43 	1.65 	824.1 	0.0457 	
44 	1.66 	828.1 	0.0440 	
45 	1.66 	832.0 	0.0190 	
46 	1.68 	839.7 	0.0309 	
47 	1.69 	844.4 	0.0320 	
48 	1.71 	853.5 	0.0618 	
49 	1.72 	858.3 	0.0650 	
50 	1.74 	867.5 	0.0448 	
51 	1.74 	872.2 	0.0478 	
52 	1.76 	880.6 	0.0565 	
53 	1.77 	883.4 	0.0897 	
54 	1.77 	885.4 	0.0626 	
55 	1.78 	891.4 	0.1405 	
56 	1.80 	899.2 	0.0809 	
57 	1.81 	902.6 	0.0486 	
58 	1.85 	924.3 	0.0278 	
59 	1.86 	927.5 	0.0417 	
60 	1.86 	929.8 	0.0524 	
61 	1.86 	932.2 	0.0446 	
62 	1.87 	935.6 	0.0367 	
63 	1.88 	940.4 	0.0418 	
64 	1.89 	942.6 	0.0484 	
65 	1.89 	944.9 	0.0400 	
66 	1.90 	948.1 	0.0246 	
67 	1.93 	967.1 	0.0448 	
68 	1.94 	970.7 	0.0778 	
69 	1.95 	973.4 	0.0479 	
70 	1.96 	979.2 	0.0480 	
71 	1.97 	982.3 	0.0736 	
72 	2.02 	1007.6 	0.0441 	
73 	2.02 	1010.8 	0.0579 	
74 	2.03 	1012.5 	0.0593 	
75 	2.03 	1015.7 	0.0505 	
76 	2.04 	1020.9 	0.0421 	
77 	2.05 	1024.3 	0.0589 	
78 	2.05 	1025.7 	0.0527 	
79 	2.06 	1029.0 	0.0392 	
80 	2.30 	1149.1 	0.0655 	
81 	2.30 	1151.6 	0.0762 	
82 	2.31 	1153.2 	0.0722 	
83 	2.31 	1155.5 	0.0543 	
84 	2.36 	1180.5 	0.0679 	
85 	2.37 	1185.1 	0.1012 	
86 	2.38 	1187.7 	0.0831 	
87 	2.38 	1190.9 	0.0458 	
88 	2.39 	1192.7 	0.0404 	
89 	2.40 	1198.1 	0.0840 	
90 	2.41 	1202.9 	0.0997 	
91 	2.43 	1212.5 	0.0743 	
92 	2.43 	1214.9 	0.0618 	
93 	2.44 	1217.4 	0.0760 	
94 	2.44 	1219.7 	0.0575 	
95 	2.45 	1226.3 	0.0664 	
96 	2.46 	1229.2 	0.0570 	
97 	2.47 	1235.1 	0.1193 	
98 	2.49 	1244.4 	0.0519 	
99 	4.18 	2089.9 	0.0737 	
100 	4.19 	2094.0 	0.0800 	
101 	4.20 	2098.8 	0.0811 	
102 	4.21 	2103.3 	0.0718 	
103 	5.74 	2869.4 	0.1064 	

Table of Multiplets
No. 	Shift1 (ppm) 	Hs 	Type 	J (Hz) 	Atom1 	Multiplet1 	 (ppm)
1 	0.70 	3 	s 	- 	18 	M04 	0.69 .. 0.71
2 	0.98 	1 	m 	- 	4a 	M03 	0.95 .. 1.01
3 	1.07 	1 	m 	- 	10 	M08 	1.03 .. 1.12
4 	1.19 	4 	s 	- 	2a 22 	M07 	1.15 .. 1.22
5 	1.37 	2 	m 	- 	6 9 	M18 	1.31 .. 1.42
6 	1.45 	1 	dd 	12.63 3.43 	5 	M17 	1.42 .. 1.48
7 	1.58 	1 	dd 	11.23 3.32 	3a 	M02 	1.56 .. 1.60
8 	1.64 	1 	m 	- 	5 	M16 	1.61 .. 1.67
9 	1.71 	1 	m 	- 	16 	M15 	1.67 .. 1.75
10 	1.78 	2 	m 	- 	9 8 	M14 	1.76 .. 1.81
11 	1.87 	1 	m 	- 	10 	M13 	1.84 .. 1.90
12 	1.95 	1 	td 	- 	6 	M12 	1.93 .. 1.98
13 	2.04 	1 	dq 	- 	16 	M01 	2.01 .. 2.06
14 	2.31 	1 	dd 	4.00 2.40 	11 	M11 	2.29 .. 2.32
15 	2.38 	2 	m 	- 	15 11 	M10 	2.35 .. 2.42
16 	2.45 	2 	m 	- 	15 7 	M09 	2.42 .. 2.50
17 	4.19 	1 	dd 	9.06 4.35 	23 	M06 	4.18 .. 4.21
18 	5.74 	1 	br. s. 	- 	13 	M05 	5.73 .. 5.75

Table of Assignments
No. 	Atom 	Exp. Shift (ppm) 	Multiplet
1 	38 	0.70 	M04
2 	26 	0.98 	M03
3 	34 	1.07 	M08
4 	24 	1.19 	M07
5 	45 	1.19 	M07
6 	28 	1.37 	M18
7 	32 	1.37 	M18
8 	30 	1.45 	M17
9 	25 	1.58 	M02
10 	31 	1.64 	M16
11 	43 	1.71 	M15
12 	33 	1.78 	M14
13 	36 	1.78 	M14
14 	35 	1.87 	M13
15 	29 	1.95 	M12
16 	44 	2.04 	M01
17 	41 	2.31 	M11
18 	48 	2.38 	M10
19 	42 	2.38 	M10
20 	49 	2.45 	M09
21 	27 	2.45 	M09
22 	51 	4.19 	M06
23 	50 	5.74 	M05
