Table of Peaks
No.	(ppm)	(Hz)	Height
1	0.87	521.0	0.4440
2	0.88	528.5	0.9463
3	0.89	535.9	0.4766
4	1.08	647.7	0.9893
5	1.09	654.7	1.0000
6	1.41	845.7	0.0189
7	1.42	853.0	0.0665
8	1.43	860.1	0.1015
9	1.45	867.1	0.1242
10	1.46	874.1	0.1165
11	1.47	881.2	0.0747
12	1.48	888.6	0.0204
13	1.65	990.8	0.0223
14	1.66	998.3	0.0723
15	1.68	1004.7	0.1011
16	1.69	1012.1	0.1298
17	1.70	1019.4	0.0899
18	1.71	1025.9	0.0581
19	1.72	1033.3	0.0173
20	2.89	1733.6	0.0181
21	2.90	1740.4	0.0806
22	2.91	1747.2	0.1479
23	2.92	1754.0	0.1441
24	2.94	1760.8	0.0743
25	2.95	1767.6	0.0160

Table of Multiplets
No.	Shift1 (ppm)	Hs	Type	J (Hz)	Atom1	Multiplet1	 (ppm)
1	0.88	3	t	7.47	9	M05	0.84 .. 0.92
2	1.09	3	d	7.00	5	M04	1.04 .. 1.13
3	1.45	1	m	7.03	8	M03	1.40 .. 1.49
4	1.69	1	m	7.39	8	M02	1.64 .. 1.73
5	2.92	1	m	6.78	4	M01	2.86 .. 2.98

Table of Assignments
No.	Atom	Exp. Shift (ppm)	Multiplet
1	15	0.88	M05
2	12	1.09	M04
3	10	1.45	M03
4	11	1.69	M02
5	9	2.92	M01

