Table of Peaks
No.	(ppm)	(Hz)	Height
1	-0.000	-0.00	0.1319
2	1.291	645.27	0.0349
3	1.304	651.81	0.0516
4	1.310	654.65	0.0723
5	1.317	658.35	0.0869
6	1.322	660.96	0.1040
7	1.330	664.62	0.0900
8	1.335	667.50	0.1348
9	1.340	670.02	0.0813
10	1.348	673.91	0.0860
11	1.353	676.47	0.0888
12	1.366	682.88	0.0673
13	1.396	697.84	0.1094
14	1.414	706.90	0.1025
15	1.426	712.71	0.0865
16	1.431	715.13	0.0981
17	1.439	719.43	0.0798
18	1.445	722.27	0.0644
19	1.457	728.36	0.1416
20	1.467	733.11	0.1039
21	1.473	736.18	0.1640
22	1.477	738.19	0.2192
23	1.482	740.89	0.1472
24	1.487	743.45	0.2261
25	1.491	745.10	0.2363
26	1.501	750.23	0.2132
27	1.507	753.47	0.1270
28	1.511	755.08	0.1131
29	1.515	757.18	0.0954
30	1.520	759.88	0.1005
31	1.527	763.08	0.1278
32	1.542	770.91	0.1943
33	1.559	779.10	0.2854
34	1.572	785.59	0.2619
35	1.587	793.05	0.1507
36	1.604	801.65	0.0696
37	2.184	1091.82	0.5292
38	2.199	1099.33	1.0000
39	2.214	1106.83	0.4465
40	2.304	1151.44	0.1322
41	2.319	1159.31	0.1160
42	2.333	1166.08	0.4035
43	2.349	1173.95	0.4617
44	2.356	1177.75	0.4143
45	2.368	1183.38	0.4540
46	2.386	1192.39	0.1354
47	2.397	1197.97	0.1085
48	3.958	1978.53	0.0414
49	3.969	1983.93	0.0953
50	3.974	1986.22	0.0966
51	3.984	1991.48	0.1614
52	3.995	1996.74	0.1023
53	4.000	1999.12	0.0801
54	4.010	2004.34	0.0454

Table of Assignments
No.	Atom	Exp. Shift (ppm)	Multiplet
1	13	1.441	M04
2	18	1.441	M04
3	15	1.441	M04
4	22	2.199	M03
5	20	2.351	M02
6	19	3.984	M01

Table of Multiplets
No.	Shift1 (ppm)	Hs	Type	J (Hz)	Atom1	Multiplet1	 (ppm)
1	1.441	6	m	-	3 5 4	M04	1.277 .. 1.622
2	2.199	2	t	7.50	6	M03	2.165 .. 2.228
3	2.351	2	m	-	9	M02	2.291 .. 2.408
4	3.984	1	m	-	2	M01	3.945 .. 4.022
