Table of Peaks

No. 	(ppm) 	(Hz) 	Height
1 	7.84 	3917.0 	0.9704 	
2 	7.82 	3909.4 	1.0000 	
3 	6.05 	3025.4 	0.9277 	
4 	6.04 	3017.9 	0.9220 	
5 	5.89 	2945.8 	0.7805 	
6 	5.89 	2941.8 	0.7927 	
7 	4.31 	2153.5 	0.3220 	
8 	4.30 	2148.4 	0.5070 	
9 	4.29 	2144.1 	0.3986 	
10 	4.21 	2103.1 	0.3402 	
11 	4.20 	2097.3 	0.6181 	
12 	4.18 	2091.7 	0.3819 	
13 	4.13 	2064.0 	0.1969 	
14 	4.12 	2059.6 	0.3112 	
15 	4.11 	2055.4 	0.2608 	
16 	4.11 	2053.8 	0.2216 	
17 	4.10 	2050.7 	0.1687 	
18 	3.94 	1967.4 	0.2620 	
19 	3.93 	1964.5 	0.2574 	
20 	3.91 	1954.6 	0.4188 	
21 	3.90 	1951.8 	0.3916 	
22 	3.82 	1910.6 	0.3928 	
23 	3.81 	1906.1 	0.3822 	
24 	3.80 	1897.8 	0.2690 	
25 	3.79 	1893.3 	0.2519 	


Table of Multiplets

No. 	Shift1 (ppm) 	Hs 	Type 	J (Hz) 	Atom1 	Multiplet1 	 (ppm)
1 	7.83 	14 	d 	7.60 	11 	M01 	7.80 .. 7.85
2 	6.05 	13 	d 	7.55 	10 	M02 	6.02 .. 6.07
3 	5.89 	12 	d 	3.98 	2 	M03 	5.87 .. 5.91
4 	4.30 	11 	t 	4.67 	3 	M04 	4.27 .. 4.32
5 	4.20 	11 	t 	5.67 	4 	M05 	4.17 .. 4.22
6 	4.11 	11 	m 	- 	5 	M06 	4.08 .. 4.15
7 	3.92 	10 	m 	- 	14 	M07 	3.89 .. 3.96
8 	3.81 	10 	dd 	12.79 4.51 	14 	M08 	3.78 .. 3.84


Table of Assignments

No. 	Atom 	Exp. Shift (ppm) 	Multiplet
1 	25 	7.83 	M01
2 	27 	6.05 	M02
3 	19 	5.89 	M03
4 	17 	4.30 	M04
5 	18 	4.20 	M05
6 	20 	4.11 	M06
7 	21 	3.92 	M07
8 	22 	3.81 	M08
