Table of Peaks

No. 	(ppm) 	(Hz) 	Height
1 	4.10 	2050.1 	0.9843 	
2 	4.09 	2044.9 	1.0000 	
3 	2.28 	1139.3 	0.4212 	
4 	2.26 	1131.8 	0.6934 	
5 	2.25 	1124.0 	0.4749 	
6 	1.69 	844.0 	0.0687 	
7 	1.67 	836.5 	0.2331 	
8 	1.66 	829.0 	0.3254 	
9 	1.64 	821.5 	0.2355 	
10 	1.63 	814.1 	0.0793 	
11 	1.37 	684.9 	0.0419 	
12 	1.36 	681.8 	0.0180 	
13 	1.35 	675.3 	0.0573 	
14 	1.33 	667.1 	0.4039 	
15 	1.33 	663.6 	0.5746 	
16 	1.32 	660.1 	0.6727 	
17 	1.31 	656.3 	0.4384 	
18 	1.29 	642.3 	0.1118 	
19 	0.91 	456.1 	0.3221 	
20 	0.90 	449.3 	0.8607 	
21 	0.88 	442.2 	0.3697 	


Table of Multiplets

No. 	Shift1 (ppm) 	Hs 	Type 	J (Hz) 	Atom1 	Multiplet1 	 (ppm)
1 	4.10 	16 	d 	5.22 	4 	M01 	4.01 .. 4.17
2 	2.26 	16 	t 	7.64 	8 	M02 	2.19 .. 2.34
3 	1.66 	14 	dq 	7.47 	9 	M03 	1.58 .. 1.74
4 	1.33 	30 	m 	- 	10 11 	M04 	1.18 .. 1.41
5 	0.90 	17 	m 	- 	12 	M05 	0.87 .. 0.93


Table of Assignments

No. 	Atom 	Exp. Shift (ppm) 	Multiplet
1 	24 	4.10 	M01
2 	16 	2.26 	M02
3 	12 	1.66 	M03
4 	18 	1.33 	M04
5 	14 	1.33 	M04
6 	20 	0.90 	M05
