Table of Peaks
No.	(ppm)	Height
1	1.31	0.1137
2	1.32	0.1688
3	1.34	0.1956
4	1.35	0.1334
5	1.36	0.0778
6	1.43	0.0544
7	1.44	0.0906
8	1.45	0.1173
9	1.46	0.0988
10	1.47	0.1282
11	1.48	0.1205
12	1.49	0.0975
13	1.50	0.1879
14	1.51	0.2447
15	1.52	0.2128
16	1.54	0.0596
17	1.57	0.0032
18	1.58	0.0591
19	1.59	0.1139
20	1.60	0.0995
21	1.61	0.1128
22	1.62	0.1057
23	1.63	0.0722
24	1.64	0.0352
25	2.19	0.4512
26	2.20	0.8142
27	2.21	0.3995
28	2.57	0.3258
29	2.59	0.3793
30	2.81	0.2475
31	2.82	0.2528
32	2.83	0.2162
33	2.84	0.1995
34	3.08	0.1190
35	3.09	0.1740
36	3.10	0.1719
37	3.11	0.1704
38	3.12	0.1088
39	4.12	0.1579
40	4.12	0.1557
41	4.13	0.2128
42	4.14	0.1712
43	4.29	0.2084
44	4.30	0.2372
45	4.31	0.1613

Table of Multiplets
No.	Shift1 (ppm)	Hs	Type	J (Hz)		Atom1		Multiplet1	 (ppm)
1	1.33		2	d	8.80		11		M09		1.25 .. 1.40
2	1.39		2	m	-				M10		1.38 .. 1.39
3	1.51		3	m	-		12 10		M08		1.40 .. 1.57
4	1.61		1	dd	-		10		M07		1.57 .. 1.69
5	2.20		2	t	7.43		13		M06		2.14 .. 2.26
6	2.58		1	d	12.43		2		M05		2.53 .. 2.62
7	2.82		1	dd	12.41 5.09	2		M04		2.76 .. 2.87
8	3.10		1	m	-		8		M03		3.03 .. 3.16
9	4.13		1	m	-		7		M02		4.08 .. 4.18
10	4.29		3	t	-		3		M01		4.24 .. 4.35
	
Table of Assignments
No.	Atom	Exp. Shift (ppm)	Multiplet
1	25	1.33		M09
2	27	1.51		M08
3	21	1.51		M08
4	22	1.61		M07
5	29	2.20		M06
6	19	2.58		M05
7	20	2.82		M04
8	18	3.10		M03
9	16	4.13		M02
10	17	4.29		M01
