Table of Peaks

No. 	(ppm) 	(Hz) 	Height
1 	5.39 	2693.7 	0.1264 	
2 	5.38 	2688.9 	0.2808 	
3 	5.37 	2684.0 	0.1205 	
4 	2.36 	1179.5 	0.1652 	
5 	2.34 	1172.0 	0.3096 	
6 	2.33 	1164.4 	0.1789 	
7 	1.97 	983.4 	0.2687 	
8 	1.96 	978.6 	0.2550 	
9 	1.94 	971.8 	0.1254 	
10 	1.66 	829.4 	0.0274 	
11 	1.64 	822.1 	0.0895 	
12 	1.63 	815.0 	0.1356 	
13 	1.62 	807.6 	0.1034 	
14 	1.60 	800.0 	0.0351 	
15 	1.33 	664.7 	0.2939 	
16 	1.31 	656.0 	0.3326 	
17 	1.30 	648.2 	0.4006 	
18 	1.29 	642.7 	0.3309 	
19 	1.28 	642.1 	0.3307 	
20 	1.26 	631.1 	1.0000 	
21 	0.89 	446.2 	0.1631 	
22 	0.88 	439.5 	0.3685 	
23 	0.87 	432.4 	0.1729 	


Table of Multiplets

No. 	Shift1 (ppm) 	Hs 	Type 	J (Hz) 	Atom1 	Multiplet1 	 (ppm)
1 	5.38 	7 	m 	- 	12 11 	M01 	5.35 .. 5.44
2 	2.34 	6 	t 	7.53 	4 	M02 	2.29 .. 2.40
3 	1.96 	13 	m 	- 	13 10 	M03 	1.90 .. 2.01
4 	1.63 	6 	tt 	7.48 7.31 	5 	M04 	1.52 .. 1.70
5 	1.30 	59 	m 	- 	6 7 8 9 14 15 16 17 18 19 	M05 	1.19 .. 1.39
6 	0.88 	8 	t 	6.93 	20 	M06 	0.82 .. 0.93


Table of Assignments


No. 	Atom 	Exp. Shift (ppm) 	Multiplet
1 	47 	5.38 	M01
2 	46 	5.38 	M01
3 	48 	2.34 	M02
4 	40 	1.96 	M03
5 	38 	1.96 	M03
6 	42 	1.63 	M04
7 	22 	1.30 	M05
8 	20 	1.30 	M05
9 	24 	1.30 	M05
10 	36 	1.30 	M05
11 	44 	1.30 	M05
12 	30 	1.30 	M05
13 	32 	1.30 	M05
14 	26 	1.30 	M05
15 	28 	1.30 	M05
16 	34 	1.30 	M05
17 	50 	0.88 	M06
