Table of Peaks
No. 	(ppm) 	(Hz) 	Height
1 	2.072 	1035.7 	0.0504 	
2 	2.087 	1042.9 	0.1393 	
3 	2.101 	1050.3 	0.2369 	
4 	2.116 	1057.6 	0.3919 	
5 	2.125 	1062.1 	4.0000 	
6 	2.145 	1072.2 	0.1229 	
7 	2.155 	1077.0 	0.1032 	
8 	2.166 	1082.4 	0.1158 	
9 	2.170 	1084.8 	0.2087 	
10 	2.181 	1090.2 	0.2200 	
11 	2.186 	1092.5 	0.1513 	
12 	2.197 	1098.0 	0.1490 	
13 	2.211 	1105.1 	0.0915 	
14 	2.215 	1107.3 	0.0671 	
15 	2.226 	1112.7 	0.0553 	
16 	2.616 	1307.6 	0.6028 	
17 	2.631 	1315.1 	1.0261 	
18 	2.646 	1322.7 	0.5276 	
19 	3.839 	1918.7 	0.2772 	
20 	3.850 	1924.1 	0.3262 	
21 	3.853 	1925.8 	0.3290 	
22 	3.864 	1931.2 	0.2721 	


Table of Multiplets
No. 	Shift1 (ppm) 	Hs 	Type 	J (Hz) 	Atom1 	Multiplet1 	 (ppm)
1 	2.157 	31 	m 	- 	2 4 	M01 	2.055 .. 2.241
2 	2.631 	13 	t 	7.587 	3 	M02 	2.593 .. 2.673
3 	3.851 	6 	dd 	7.100 5.382 	5 	M03 	3.818 .. 3.888


Table of Assignments
No. 	Atom 	Exp. Shift (ppm) 	Multiplet
1 	16 	2.157 	M01
2 	9 	2.157 	M01
3 	12 	2.631 	M02
4 	11 	3.851 	M03
