Table of Peaks
No.	(ppm)	(Hz)	Height
1	1.199	718.49	0.9939
2	1.209	724.75	1.0000
3	2.297	1376.96	0.1669
4	2.308	1383.25	0.1701
5	2.321	1391.33	0.2688
6	2.332	1397.62	0.2701
7	2.396	1436.02	0.2314
8	2.408	1443.35	0.2342
9	2.420	1450.41	0.1437
10	2.432	1457.71	0.1464
11	4.133	2477.31	0.0229
12	4.143	2483.63	0.1039
13	4.154	2489.92	0.1761
14	4.156	2490.88	0.1379
15	4.165	2496.35	0.1448
16	4.166	2497.17	0.1724
17	4.177	2503.46	0.1012
18	4.187	2509.75	0.0224

Table of Multiplets
No.	Shift1 (ppm)	Hs	Type	J (Hz)	Atom1	Multiplet1	 (ppm)
1	1.204	3	d	6.26	3	M04	1.190 .. 1.217
2	2.326	1	dd	14.36 6.29	4	M03	2.291 .. 2.339
3	2.402	1	dd	14.39 7.33	4	M02	2.389 .. 2.439
4	4.160	1	dt	7.22 6.31	2	M01	4.128 .. 4.192

Table of Assignments
No.	Atom	Exp. Shift (ppm)	Multiplet
1	10	1.204	M04
2	8	2.326	M03
3	9	2.402	M02
4	7	4.160	M01
