Table of Peaks

No. 	(ppm) 	(Hz) 	Height
1 	7.87 	3932.3 	1.0000 	
2 	5.85 	2926.0 	0.4268 	
3 	5.84 	2919.5 	0.4318 	
4 	4.70 	2351.7 	0.0359 	
5 	4.69 	2346.3 	0.0602 	
6 	4.68 	2340.1 	0.0437 	
7 	4.39 	2195.4 	0.1765 	
8 	4.39 	2192.4 	0.2083 	
9 	4.38 	2190.3 	0.1873 	
10 	4.38 	2187.3 	0.1791 	
11 	4.26 	2130.5 	0.1069 	
12 	4.26 	2127.7 	0.2687 	
13 	4.25 	2124.9 	0.2607 	
14 	4.25 	2122.2 	0.0971 	
15 	3.91 	1954.4 	0.1249 	
16 	3.90 	1951.8 	0.1225 	
17 	3.88 	1941.6 	0.2433 	
18 	3.88 	1939.0 	0.2258 	
19 	3.83 	1915.3 	0.2258 	
20 	3.83 	1912.2 	0.2210 	
21 	3.81 	1902.5 	0.1238 	
22 	3.80 	1899.4 	0.1164 	


Table of Multiplets
No. 	Shift1 (ppm) 	Hs 	Type 	J (Hz) 	Atom1 	Multiplet1 	 (ppm)
1 	7.87 	17 	s 	- 	7 	M01 	7.85 .. 7.89
2 	5.85 	16 	d 	6.45 	2 	M02 	5.80 .. 5.88
3 	4.69 	3 	t 	5.79 	3 	M03 	4.67 .. 4.72
4 	4.38 	12 	dd 	5.08 2.97 	4 	M04 	4.36 .. 4.41
5 	4.25 	13 	q 	2.78 	5 	M05 	4.23 .. 4.28
6 	3.89 	12 	m 	- 	17 	M06 	3.87 .. 3.93
7 	3.82 	12 	m 	- 	17 	M07 	3.79 .. 3.84


Table of Assignments
No. 	Atom 	Exp. Shift (ppm) 	Multiplet
1 	26 	7.87 	M01
2 	20 	5.85 	M02
3 	21 	4.69 	M03
4 	22 	4.38 	M04
5 	23 	4.25 	M05
6 	24 	3.89 	M06
7 	25 	3.82 	M07
