Table of Peaks
No. 	(ppm) 	(Hz) 	Height
1 	0.814 	406.7 	0.3478 	
2 	0.827 	413.6 	0.3551 	
3 	0.947 	473.4 	0.3525 	
4 	0.961 	480.4 	0.3605 	
5 	1.975 	987.3 	0.0116 	
6 	1.983 	991.1 	0.0136 	
7 	1.989 	994.1 	0.0312 	
8 	1.996 	997.9 	0.0317 	
9 	2.002 	1000.9 	0.0376 	
10 	2.010 	1004.8 	0.0383 	
11 	2.017 	1007.9 	0.0296 	
12 	2.024 	1011.7 	0.0285 	
13 	2.030 	1014.9 	0.0118 	
14 	2.038 	1018.6 	0.0108 	
15 	3.834 	1916.1 	0.1410 	
16 	3.841 	1919.9 	0.1370 	

Table of Multiplets
No. 	Shift1 (ppm) 	Hs 	Type 	J (Hz) 	Atom1 	Multiplet1 	 (ppm)
1 	0.82 	18 	d 	6.87 	4 	M04 	0.79 .. 0.85
2 	0.95 	19 	d 	6.96 	7 	M03 	0.92 .. 0.98
3 	2.01 	6 	m 	13.81 6.88 3.75 	3 	M02 	1.95 .. 2.05
4 	3.84 	8 	d 	3.75 	2 	M01 	3.79 .. 3.88

Table of Assignments
No. 	Atom 	Exp. Shift (ppm) 	Multiplet
1 	10 	0.82 	M04
2 	13 	0.95 	M03
3 	8 	2.01 	M02
4 	9 	3.84 	M01
