Table of Peaks
No.	(ppm)	(Hz)	Height
2	2.47	1233.2	0.6609
3	2.48	1240.7	1.0000
4	2.48	1241.6	0.5742
5	2.50	1248.7	0.7609
6	2.87	1433.0	0.4949
7	2.88	1440.9	0.7286
8	2.90	1448.5	0.4366
9	7.24	3618.3	0.0504
10	7.24	3619.6	0.1011
11	7.24	3620.9	0.0628
12	7.26	3626.9	0.2690
13	7.27	3632.7	0.0876
14	7.27	3634.1	0.1771
15	7.27	3635.4	0.1235
16	7.29	3644.3	0.3600
17	7.29	3644.9	0.3981
18	7.31	3651.9	0.6803
19	7.31	3653.2	0.5295
20	7.34	3670.6	0.5288
21	7.35	3672.3	0.1603
22	7.36	3677.9	0.5727
23	7.37	3683.9	0.0937
24	7.37	3685.5	0.2257

Table of Multiplets
No.	Shift1 (ppm)	Hs	Type	J (Hz)	Atom1		Multiplet1	 (ppm)
1	2.48		2	t	7.77	8		M03		2.45 .. 2.52
2	2.88		2	t	7.73	7		M02		2.85 .. 2.91
3	7.30		5	m	-	6 5 4 3 2	M01		7.23 .. 7.38

Table of Assignments
No.	Atom	Exp. Shift (ppm)	Multiplet
1	13	2.48	M03
2	11	2.88	M02
3	15	7.30	M01
4	17	7.30	M01
5	19	7.30	M01
6	18	7.30	M01
7	16	7.30	M01

