Table of Peaks
No.	(ppm)	(Hz)	Height
1	1.35	675.3	0.0198
2	1.37	683.2	0.0542
3	1.38	691.6	0.0902
4	1.39	695.0	0.1079
5	1.40	698.5	0.1365
6	1.41	704.6	0.1575
7	1.41	707.1	0.1329
8	1.42	710.6	0.1333
9	1.43	713.9	0.1353
10	1.44	717.9	0.1328
11	1.44	720.4	0.1311
12	1.45	725.2	0.1621
13	1.46	727.4	0.1446
14	1.46	732.2	0.1395
15	1.47	734.7	0.1471
16	1.48	738.7	0.1026
17	1.48	741.1	0.1032
18	1.50	747.9	0.0815
19	1.51	755.3	0.0347
20	1.60	802.0	0.1882
21	1.62	809.1	0.5348
22	1.63	816.3	0.6463
23	1.65	823.7	0.3982
24	1.66	831.3	0.1174
25	1.82	909.3	0.0190
26	1.83	915.6	0.0458
27	1.85	923.7	0.1681
28	1.85	927.2	0.1947
29	1.86	929.9	0.3125
30	1.87	933.3	0.4190
31	1.88	937.2	0.2863
32	1.88	939.6	0.4536
33	1.89	943.4	0.2682
34	1.89	946.0	0.1786
35	1.90	949.4	0.1477
36	1.92	957.5	0.0378
37	1.93	963.7	0.0138
38	3.18	1591.6	0.5169
39	3.20	1598.5	1.0000
40	3.21	1605.5	0.4859
41	3.73	1864.1	0.2723
42	3.74	1870.1	0.5172
43	3.75	1876.2	0.2637

Table of Multiplets
No.	Shift1 (ppm)	Hs	Type	J (Hz)	Atom1	Multiplet1	 (ppm)
1	1.43	2	m	-	7	M05	1.34 .. 1.52
2	1.63	2	m	-	8	M04	1.59 .. 1.67
3	1.87	2	m	-	6	M03	1.81 .. 1.94
4	3.20	2	t	6.94	9	M02	3.16 .. 3.23
5	3.74	1	t	6.04	3	M01	3.71 .. 3.77

Table of Assignments
No.	Atom	Exp. Shift (ppm)	Multiplet
1	13	1.43	M05
2	17	1.63	M04
3	15	1.87	M03
4	20	3.20	M02
5	19	3.74	M01
