Table of Peaks
No.	(ppm)	Height
1	0.66	1.0000
2	1.19	0.0284
3	1.20	0.0254
4	1.21	0.0838
5	1.22	0.0677
6	1.23	0.1149
7	1.24	0.1546
8	1.25	0.0780
9	1.25	0.0774
10	1.27	0.0541
11	1.27	0.0573
12	1.29	0.0370
13	1.30	0.0404
14	1.31	0.0134
15	1.32	0.0125
16	1.38	0.0189
17	1.40	0.0479
18	1.41	0.1578
19	1.42	0.1081
20	1.43	0.0414
21	1.64	0.0232
22	1.66	0.0270
23	1.67	0.0759
24	1.68	0.0714
25	1.69	0.0201
26	1.71	0.0173
27	1.72	0.0342
28	1.72	0.0358
29	1.73	0.0517
30	1.74	0.0533
31	1.75	0.0468
32	1.76	0.0766
33	1.77	0.0453
34	1.78	0.0697
35	2.08	0.0247
36	2.08	0.0328
37	2.10	0.0498
38	2.10	0.0505
39	2.11	0.0314
40	2.19	0.0462
41	2.20	0.0446
42	2.20	0.0261
43	2.21	0.0286
44	2.21	0.0435
45	2.22	0.0385
46	2.67	0.0142
47	2.69	0.1151
48	2.70	0.1129
49	2.71	0.0371
50	3.28	0.0901
51	3.29	0.1646
52	3.30	0.0914
53	3.82	0.0299
54	3.82	0.0327
55	3.82	0.0599
56	3.83	0.0642
57	3.83	0.0613
58	3.84	0.0680
59	3.85	0.0334
60	6.42	0.1938
61	6.43	0.1954
62	6.49	0.1072
63	6.49	0.0904
64	6.50	0.1100
65	6.51	0.0938
66	7.02	0.1493
67	7.03	0.1414

Table of Multiplets
No.	Shift1 (ppm)	Hs	Type	J (Hz)		Atom1		Multiplet1	 (ppm)
1	0.66		3	s	-		18		M12		0.61 .. 0.70
2	1.24		4	m	-		9 6 10 8	M11		1.17 .. 1.33
3	1.42		2	m	-		5 4		M10		1.36 .. 1.46
4	1.71		3	m	-		4 10 9	M09		1.62 .. 1.81
5	2.10		1	m	-		7		M08		2.06 .. 2.14
6	2.19		1	m	-		8		M07		2.17 .. 2.25
7	2.68		2	m	-		11		M06		2.63 .. 2.76
8	3.29		1	t	5.23		2		M05		3.26 .. 3.31
9	3.83		1	m	-		3		M04		3.80 .. 3.87
10	6.42		1	d	2.42		17		M03		6.39 .. 6.45
11	6.50		1	dd	8.39 2.50	15		M02		6.47 .. 6.52
12	7.03		1	d	8.47		14		M01		7.00 .. 7.06

Table of Assignments
No.	Atom	Exp. Shift (ppm)	Multiplet
1	34	0.66			M12
2	25	1.24			M11
3	22	1.24			M11
4	32	1.24			M11
5	30	1.24			M11
6	21	1.42			M10
7	27	1.42			M10
8	28	1.71			M09
9	33	1.71			M09
10	26	1.71			M09
11	23	2.10			M08
12	31	2.19			M07
13	37	2.68			M06
14	24	3.29			M05
15	29	3.83			M04
16	42	6.42			M03
17	43	6.50			M02
18	41	7.03			M01

