Table of Peaks
No.	(ppm)	(Hz)	Height
1	0.000	0.00	0.1190
2	1.182	708.59	0.9893
3	1.193	715.64	1.0000
4	2.744	1645.65	0.0153
5	2.756	1652.67	0.0496
6	2.761	1655.73	0.0188
7	2.766	1658.99	0.0577
8	2.767	1659.70	0.0530
9	2.773	1662.76	0.0582
10	2.778	1666.01	0.0542
11	2.783	1669.05	0.0602
12	2.784	1669.76	0.0608
13	2.790	1673.04	0.0173
14	2.795	1676.08	0.0552
15	2.807	1683.13	0.0167
16	3.154	1891.81	0.1363
17	3.171	1901.87	0.1252
18	3.176	1904.57	0.1530
19	3.193	1914.63	0.1415
20	3.469	2080.70	0.1426
21	3.480	2086.98	0.1412
22	3.491	2093.46	0.1274
23	3.501	2099.72	0.1224

Table of Multiplets
No.	Shift1 (ppm)	Hs	Type	J (Hz)	Atom1	Multiplet1	 (ppm)
1	1.187	3	d	7.06	8	M04	1.170 .. 1.204
2	2.775	1	m	10.34 7.04 6.70	5	M03	2.740 .. 2.810
3	3.174	1	dd	12.76 10.06	4	M02	3.149 .. 3.198
4	3.485	1	dd	12.75 6.27	4	M01	3.464 .. 3.508

Table of Assignments
No.	Atom	Exp. Shift (ppm)	Multiplet
1	12	1.187	M04
2	9	2.775	M03
3	10	3.174	M02
4	11	3.485	M01
