Table of Peaks
No.	(ppm)	(Hz)	Height
1	4.233	2538.44	0.1496
2	4.235	2539.73	0.1395
3	4.240	2542.54	0.2733
4	4.257	2553.07	0.7831
5	4.265	2557.87	0.8627
6	4.303	2580.75	0.0914
7	4.311	2585.65	0.1168
8	4.321	2591.17	0.3428
9	4.329	2596.02	0.6622
10	4.336	2600.67	0.4433
11	4.394	2635.32	0.1145
12	4.403	2640.64	0.3782
13	4.412	2645.74	0.4287
14	4.419	2650.45	0.1795
15	5.987	3590.71	0.9856
16	5.995	3595.12	1.0000
17	6.128	3674.97	0.9737
18	6.141	3682.57	0.7708
19	7.963	4775.31	0.6898
20	7.975	4782.86	0.6740

Table of Multiplets
No.	Shift1 (ppm)	Hs	Type	J (Hz)	Atom1	Multiplet1	 (ppm)
1	4.246	3	m	-	14 5	M06	4.216 .. 4.286
2	4.324	1	dd	-	4	M05	4.310 .. 4.353
3	4.407	1	dd	-	3	M04	4.385 .. 4.436
4	5.991	1	d	4.41	2	M03	5.976 .. 6.003
5	6.134	1	d	7.61	10	M02	6.121 .. 6.153
6	7.969	1	d	7.55	11	M01	7.954 .. 7.979

Table of Assignments
No.	Atom	Exp. Shift (ppm)	Multiplet
1	33	4.246	M06
2	31	4.246	M06
3	29	4.324	M05
4	30	4.407	M04
5	32	5.991	M03
6	38	6.134	M02
7	37	7.969	M01
