Table of Peaks

No. 	(ppm) 	(Hz) 	Height
1 	5.39 	2692.2 	0.0121 	
2 	5.38 	2690.1 	0.0125 	
3 	5.38 	2686.6 	0.0157 	
4 	3.53 	1765.1 	0.0424 	
5 	2.49 	1242.6 	0.0628 	
6 	2.47 	1233.8 	0.0691 	
7 	2.45 	1223.3 	0.0806 	
8 	2.43 	1214.5 	0.0841 	
9 	2.34 	1170.6 	0.0357 	
10 	2.34 	1168.7 	0.0384 	
11 	2.33 	1165.8 	0.0426 	
12 	2.33 	1163.6 	0.0405 	
13 	2.32 	1157.6 	0.0731 	
14 	2.31 	1155.7 	0.0801 	
15 	2.31 	1152.8 	0.0759 	
16 	2.30 	1150.7 	0.0695 	
17 	2.27 	1134.8 	0.0490 	
18 	2.27 	1133.0 	0.0533 	
19 	2.24 	1121.8 	0.0701 	
20 	2.22 	1110.6 	0.0242 	
21 	2.22 	1108.7 	0.0260 	
22 	2.12 	1060.7 	0.0906 	
23 	2.12 	1058.0 	0.0421 	
24 	2.10 	1051.5 	0.1395 	
25 	2.09 	1045.7 	0.0455 	
26 	2.09 	1042.2 	0.1018 	
27 	2.07 	1032.3 	0.0898 	
28 	2.05 	1023.2 	0.0541 	
29 	1.97 	986.0 	0.0388 	
30 	1.96 	980.1 	0.0449 	
31 	1.96 	977.4 	0.0378 	
32 	1.95 	973.4 	0.0518 	
33 	1.94 	967.8 	0.0489 	
34 	1.93 	965.4 	0.0396 	
35 	1.92 	959.1 	0.0343 	
36 	1.88 	940.3 	0.0395 	
37 	1.87 	937.1 	0.0832 	
38 	1.87 	933.2 	0.1357 	
39 	1.86 	929.7 	0.1184 	
40 	1.86 	928.4 	0.1215 	
41 	1.85 	923.9 	0.1529 	
42 	1.84 	919.8 	0.1310 	
43 	1.84 	917.2 	0.1256 	
44 	1.70 	850.9 	0.0260 	
45 	1.69 	846.5 	0.0484 	
46 	1.69 	842.9 	0.0928 	
47 	1.68 	839.0 	0.0739 	
48 	1.66 	832.0 	0.2465 	
49 	1.65 	822.7 	0.0864 	
50 	1.64 	818.1 	0.0592 	
51 	1.58 	791.5 	0.0249 	
52 	1.57 	783.0 	0.1593 	
53 	1.56 	779.0 	0.0573 	
54 	1.55 	774.9 	0.0306 	
55 	1.55 	773.1 	0.0392 	
56 	1.54 	769.9 	0.1151 	
57 	1.53 	766.2 	0.0542 	
58 	1.52 	760.6 	0.1058 	
59 	1.51 	757.1 	0.0926 	
60 	1.50 	752.2 	0.0696 	
61 	1.50 	748.1 	0.1214 	
62 	1.48 	738.3 	0.1457 	
63 	1.47 	735.7 	0.1525 	
64 	1.45 	725.9 	0.0278 	
65 	1.44 	721.7 	0.0241 	
66 	1.31 	654.5 	0.0714 	
67 	1.30 	649.8 	0.0906 	
68 	1.29 	644.8 	0.0546 	
69 	1.28 	641.0 	0.1130 	
70 	1.27 	636.9 	0.1160 	
71 	1.27 	632.5 	0.0421 	
72 	1.25 	627.2 	0.0580 	
73 	1.25 	624.0 	0.0457 	
74 	1.12 	562.2 	0.0363 	
75 	1.12 	559.0 	0.0430 	
76 	1.10 	549.4 	0.0687 	
77 	1.09 	545.5 	0.0661 	
78 	1.07 	535.3 	0.0372 	
79 	1.06 	531.0 	0.0282 	
80 	1.03 	516.6 	1.0000 	
81 	1.02 	511.3 	0.0589 	
82 	1.01 	504.8 	0.0564 	
83 	1.01 	503.5 	0.0568 	
84 	1.00 	500.4 	0.0528 	
85 	0.99 	492.7 	0.0354 	
86 	0.98 	488.1 	0.0283 	
87 	0.88 	442.2 	0.9986 	


Table of Multiplets

No. 	Shift1 (ppm) 	Hs 	Type 	Atom1 	Multiplet1 	 (ppm)
1 	5.38 	1 	m 	16 	M01 	5.34 .. 5.42
2 	3.53 	3 	m 	13 	M02 	3.45 .. 3.62
3 	2.46 	4 	dd 	4 	M03 	2.41 .. 2.51
4 	2.32 	4 	m 	14 	M04 	2.28 .. 2.37
5 	2.24 	4 	m 	14 	M05 	2.19 .. 2.28
6 	2.09 	8 	m 	4 17 	M06 	2.03 .. 2.16
7 	1.95 	4 	m 	3 	M07 	1.90 .. 2.00
8 	1.86 	11 	m 	11 12 	M08 	1.80 .. 1.89
9 	1.67 	3 	m 	17 8 	M09 	1.61 .. 1.73
10 	1.52 	4 	m 	8 12 3 	M10 	1.42 .. 1.60
11 	1.28 	2 	m 	7 2 	M11 	1.22 .. 1.33
12 	1.09 	1 	m 	11 	M12 	1.05 .. 1.14
13 	1.03 	3 	s 	20 	M13 	1.02 .. 1.04
14 	1.00 	1 	m 	9 	M14 	0.95 .. 1.02
15 	0.88 	3 	s 	19 	M15 	0.86 .. 0.90


Table of Assignments

No. 	Atom 	Exp. Shift (ppm) 	Multiplet
1 	36 	5.38 	M01
2 	47 	3.53 	M02
3 	34 	2.46 	M03
4 	43 	2.32 	M04
5 	44 	2.24 	M05
6 	30 	2.09 	M06
7 	35 	2.09 	M06
8 	28 	1.95 	M07
9 	45 	1.86 	M08
10 	33 	1.86 	M08
11 	24 	1.67 	M09
12 	31 	1.67 	M09
13 	29 	1.52 	M10
14 	46 	1.52 	M10
15 	25 	1.52 	M10
16 	23 	1.28 	M11
17 	26 	1.28 	M11
18 	32 	1.09 	M12
19 	40 	1.03 	M13
20 	21 	1.00 	M14
21 	37 	0.88 	M15
