Table of Peaks
No.	(ppm)	Height
1	3.75	0.5892
2	4.12	0.3050
3	7.46	0.0112
4	7.46	0.0318
5	7.46	0.0470
6	7.46	0.0182
7	7.47	0.0292
8	7.47	0.0973
9	7.47	0.0533
10	7.48	0.0426
11	7.48	0.0312
12	7.49	0.0691
13	7.49	0.0590
14	7.49	0.0114
15	7.54	0.0199
16	7.54	0.0390
17	7.54	0.0206
18	7.55	0.0176
19	7.55	0.0473
20	7.56	0.0126
21	7.56	0.0119
22	7.57	0.0213
23	7.57	0.0105
24	7.84	0.0754
25	7.85	0.0844
26	7.86	0.0805
27	7.86	0.0560
28	7.86	0.0670

Table of Multiplets
No.	Shift1 (ppm)	Hs	Type	J (Hz)		Atom1		Multiplet1	 (ppm)
1	3.75		3	s	-		14		M05		3.74 .. 3.76
2	4.12		2	s	-		10		M04		4.11 .. 4.12
3	7.48		2	m	-		5 3		M03		7.45 .. 7.50
4	7.54		1	tt	-		4		M02		7.53 .. 7.58
5	7.85		2	dd	8.45 1.29	6 2		M01		7.82 .. 7.88

Table of Assignments
No.	Atom	Exp. Shift (ppm)	Multiplet
1	22	3.75			M05
2	14	4.12			M04
3	20	7.48			M03
4	19	7.48			M03
5	21	7.54			M02
6	18	7.85			M01
7	17	7.85			M01

