Table of Peaks
No.	(ppm)	(Hz)	Height
1	6.668	3332.79	1.0000
2	7.332	3664.99	0.1561
3	7.334	3665.95	0.1697
4	7.346	3671.99	0.1977
5	7.349	3673.04	0.3119
6	7.351	3674.12	0.2096
7	7.363	3680.19	0.1787
8	7.365	3681.13	0.1868
9	7.531	3764.23	0.2956
10	7.548	3772.63	0.4226
11	7.612	3804.89	0.1997
12	7.615	3806.29	0.2095
13	7.626	3811.80	0.1949
14	7.629	3813.27	0.2985
15	7.632	3814.73	0.1588
16	7.643	3820.30	0.1203
17	7.646	3821.67	0.1206
18	7.906	3951.89	0.2865
19	7.908	3952.81	0.2876
20	7.923	3960.18	0.2721
21	7.925	3961.10	0.2656

Table of Multiplets
No.	Shift1 (ppm)	Hs	Type	J (Hz)	Atom1	Multiplet1	 (ppm)
1	6.668	1	s	-	3	M05	6.655 .. 6.679
2	7.349	1	ddd	8.13 7.06 0.95	7	M04	7.318 .. 7.382
3	7.539	1	d	8.40	9	M03	7.515 .. 7.562
4	7.629	1	ddd	8.45 6.94 1.37	8	M02	7.597 .. 7.658
5	7.916	1	dd	8.29 0.92	6	M01	7.889 .. 7.941

Table of Assignments
No.	Atom	Exp. Shift (ppm)	Multiplet
1	15	6.668	M05
2	19	7.349	M04
3	16	7.539	M03
4	18	7.629	M02
5	17	7.916	M01
