Table of peaks
No.	(ppm)	(Hz)	Height
1	0.965	579.41	0.1730
2	0.967	580.68	0.1885
3	0.976	586.07	0.1638
4	0.978	587.39	0.1741
5	2.062	1237.89	0.0023
6	2.073	1244.76	0.0071
7	2.085	1251.59	0.0135
8	2.096	1258.41	0.0165
9	2.107	1265.18	0.0134
10	2.119	1271.94	0.0071
11	2.130	1278.71	0.0022
12	2.240	1344.57	0.0064
13	2.251	1351.50	0.0068
14	2.265	1359.87	0.0506
15	2.272	1363.83	0.0525
16	2.277	1366.80	0.0475
17	2.284	1371.09	0.0400
18	2.297	1379.18	0.0061
19	2.309	1386.44	0.0050
20	2.713	1628.69	0.0075
21	2.725	1636.06	0.0069
22	2.741	1645.69	0.0393
23	2.754	1653.18	0.0666
24	2.763	1658.57	0.0351
25	2.782	1670.40	0.0071
26	2.791	1675.57	0.0053
27	3.198	1920.08	0.6053
28	3.694	2217.51	0.0198
29	3.695	2218.50	0.0211
30	3.718	2231.87	0.0269
31	3.719	2232.92	0.0278
32	3.842	2306.53	0.0206
33	3.856	2314.95	0.0212
34	3.866	2320.95	0.0152
35	3.880	2329.37	0.0148
36	5.606	3365.22	0.0073
37	5.617	3372.27	0.0138
38	5.627	3377.88	0.0127
39	5.639	3385.20	0.0051

Table of multiplets
No.	Shift1 (ppm)	Hs	Type	J (Hz)		Atom1		Multiplet1	 (ppm)
1	0.97		6	dd	6.68 1.29	16 10		M07	0.92 .. 1.01
2	2.06		1	m	-		9		M06	2.04 .. 2.14
3	2.27		2	m	-		8		M05	2.22 .. 2.33
4	2.75		2	m	-		11		M04	2.69 .. 2.81
5	3.20		9	s	-		14 15 7	M03	3.16 .. 3.22
6	3.78		2	dq	-		5		M02	3.66 .. 3.90
7	5.62		1	m	-		4		M01	5.58 .. 5.66

Table of assignments
No.	Atom	Exp. Shift (ppm)	Multiplet
1	34	0.97	M07
2	37	0.97	M07
3	33	2.06	M06
4	21	2.27	M05
5	29	2.75	M04
6	23	3.20	M03
7	20	3.20	M03
8	26	3.20	M03
9	17	3.78	M02
10	19	5.62	M01
