Table of Peaks
No.	(ppm)	(Hz)	Height
1	2.07	1035.7	0.0381
2	2.09	1042.6	0.0919
3	2.10	1050.5	0.1631
4	2.12	1057.5	0.2362
5	2.13	1062.9	0.1561
6	2.13	1065.2	0.1914
7	2.14	1069.5	0.1839
8	2.14	1071.0	0.1475
9	2.16	1077.8	0.2496
10	2.17	1085.0	0.2625
11	2.19	1093.2	0.2463
12	2.20	1100.2	0.1853
13	2.22	1108.1	0.0955
14	2.23	1115.0	0.0463
15	2.70	1348.0	0.2247
16	2.70	1351.2	0.2238
17	2.71	1353.4	0.2949
18	2.71	1356.2	0.4695
19	2.72	1358.4	0.3274
20	2.72	1360.1	0.4270
21	2.73	1363.0	0.4308
22	2.73	1364.5	0.3285
23	2.73	1366.7	0.2356
24	2.74	1368.2	0.2320
25	2.74	1371.4	0.2185
26	3.05	1524.1	0.1845
27	3.05	1525.2	0.1791
28	3.06	1531.2	0.1854
29	3.07	1532.4	0.1592
30	3.08	1538.9	0.4053
31	3.08	1540.0	0.3757
32	3.09	1546.0	0.4075
33	3.10	1547.2	0.4052
34	3.12	1560.3	0.3681
35	3.12	1561.7	0.4018
36	3.13	1564.7	0.3956
37	3.13	1566.1	0.4226
38	3.15	1575.1	0.1533
39	3.15	1576.5	0.1875
40	3.16	1579.5	0.1577
41	3.16	1580.9	0.1634
42	3.83	1916.8	0.1983
43	3.85	1922.2	0.4698
44	3.85	1923.6	0.2591
45	3.86	1927.9	0.2977
46	3.86	1929.1	0.4423
47	3.87	1934.8	0.2081
48	3.93	1963.9	0.2039
49	3.94	1968.3	0.4849
50	3.94	1971.0	0.2441
51	3.95	1972.7	0.2768
52	3.95	1975.4	0.4395
53	3.96	1979.8	0.2107

Table of Multiplets
No.	Shift1 (ppm)	Hs	Type	J (Hz)			Atom1	Multiplet1	 (ppm)
1	2.15		2	m	-			3	M05		2.07 .. 2.24
2	2.72		2	m	6.61 4.49 2.20	2	M04		2.69 .. 2.75
3	3.11		2	m	14.79 14.60 1.33	6	M03		3.03 .. 3.18
4	3.85		1	dt	6.85 5.56		4	M02		3.82 .. 3.88
5	3.95		1	dt	7.11 4.41		7	M01		3.92 .. 3.97

Table of Assignments
No.	Atom	Exp. Shift (ppm)	Multiplet
1	14	2.15			M05
2	17	2.72			M04
3	19	3.11			M03
4	16	3.85			M02
5	21	3.95			M01
