Table of Peaks

No. 	(ppm) 	(Hz) 	Height
1 	2.43 	1212.6 	0.0929 	
2 	2.41 	1206.0 	0.1047 	
3 	2.41 	1203.6 	0.0968 	
4 	2.39 	1197.0 	0.2412 	
5 	2.38 	1190.1 	0.2855 	
6 	2.38 	1188.0 	0.4835 	
7 	2.36 	1181.5 	0.5609 	
8 	2.35 	1172.9 	0.4571 	
9 	2.33 	1166.8 	0.2994 	
10 	2.32 	1157.3 	0.0950 	
11 	2.18 	1087.3 	0.2623 	
12 	2.16 	1079.0 	0.2866 	
13 	2.15 	1072.7 	0.2139 	
14 	2.13 	1064.4 	0.2366 	
15 	1.94 	968.9 	0.0863 	
16 	1.92 	961.8 	0.1270 	
17 	1.91 	954.9 	0.1715 	
18 	1.90 	948.3 	0.1729 	
19 	1.88 	941.4 	0.1262 	
20 	1.87 	934.3 	0.0861 	
21 	1.68 	837.4 	0.0966 	
22 	1.66 	831.0 	0.1240 	
23 	1.66 	828.4 	0.1071 	
24 	1.65 	823.7 	0.1510 	
25 	1.63 	817.1 	0.1665 	
26 	1.62 	811.2 	0.1285 	
27 	1.62 	808.7 	0.1445 	
28 	1.61 	802.2 	0.1052 	
29 	1.54 	771.7 	0.1127 	
30 	1.53 	763.6 	0.1586 	
31 	1.51 	757.1 	0.1674 	
32 	1.50 	749.0 	0.1515 	
33 	1.49 	742.9 	0.1195 	
34 	1.47 	734.9 	0.0893 	
35 	0.94 	472.3 	1.0000 	
36 	0.93 	465.5 	0.9984 	


Table of Multiplets

No. 	Shift1 (ppm) 	Hs 	Type 	J (Hz) 	Atom1 	Multiplet1 	 (ppm)
1 	2.38 	1 	m 	- 	7 4 	M01 	2.29 .. 2.45
2 	2.15 	1 	dd 	14.57 8.30 	4 	M02 	2.09 .. 2.21
3 	1.90 	1 	ddd 	13.77 7.09 	5 	M03 	1.84 .. 1.96
4 	1.64 	1 	m 	- 	6 	M04 	1.58 .. 1.69
5 	1.51 	1 	ddd 	14.37 8.05 	6 	M05 	1.44 .. 1.57
6 	0.94 	1 	d 	6.73 	10 	M06 	0.89 .. 0.99


Table of Assignments

No. 	Atom 	Exp. Shift (ppm) 	Multiplet
1 	13 	2.38 	M01
2 	18 	2.38 	M01
3 	14 	2.15 	M02
4 	10 	1.90 	M03
5 	11 	1.64 	M04
6 	12 	1.51 	M05
7 	15 	0.94 	M06
