Table of Peaks
No.	(ppm)	(Hz)	Height
1	4.32	2589.8	0.0026
2	4.32	2587.0	0.0048
3	4.31	2584.2	0.0076
4	4.31	2582.3	0.0082
5	4.31	2580.5	0.0104
6	4.30	2578.1	0.0102
7	4.30	2576.3	0.0081
8	4.30	2574.5	0.0076
9	4.29	2571.5	0.0047
10	4.29	2568.9	0.0026
11	3.95	2365.4	0.0032
12	3.94	2361.8	0.0049
13	3.94	2359.8	0.0037
14	3.93	2356.0	0.0070
15	3.93	2355.5	0.0066
16	3.92	2351.8	0.0078
17	3.92	2349.8	0.0039
18	3.91	2346.1	0.0087
19	3.90	2339.5	0.0060
20	3.89	2334.6	0.0070
21	3.89	2330.5	0.0047
22	3.89	2329.1	0.0047
23	3.87	2321.5	0.0085
24	3.86	2315.5	0.0092
25	3.86	2311.5	0.0059
26	3.85	2309.9	0.0050
27	3.85	2305.4	0.0066
28	3.84	2299.9	0.0029
29	3.68	2204.1	0.0073
30	3.67	2199.5	0.0071
31	3.66	2192.3	0.0226
32	3.65	2187.8	0.0206
33	3.61	2164.4	0.0122
34	3.60	2158.4	0.0118
35	3.59	2152.7	0.0068
36	3.58	2146.7	0.0066
37	3.20	1921.0	0.2688

Table of Multiplets
No.	Shift1 (ppm)	Hs	Type	Atom1	Multiplet1	 (ppm)
1	3.20	9	s	13 6 14	M04	3.19 .. 3.21
2	3.63	4	m	4 15	M03	3.58 .. 3.68
3	3.90	3	m	9 8	M02	3.83 .. 3.96
4	4.30	2	m	3	M01	4.26 .. 4.34

Table of Assignments
No.	Atom	Exp. Shift (ppm)	Multiplet
1	32	3.63	M03
2	24	3.20	M04
3	18	3.20	M04
4	29	3.90	M02
5	30	3.90	M02
6	21	3.20	M04
7	16	3.63	M03
8	27	4.30	M01
