Table of Peaks
No.	(ppm)	Height
1	6.48	0.1129
2	7.20	0.0102
3	7.20	0.0184
4	7.20	0.0108
5	7.21	0.0162
6	7.21	0.0447
7	7.21	0.0159
8	7.22	0.0207
9	7.22	0.0306
10	7.22	0.0158
11	7.30	0.0142
12	7.30	0.0566
13	7.30	0.0241
14	7.31	0.0881
15	7.32	0.0204
16	7.33	0.0480
17	7.75	0.0711
18	7.75	0.0757
19	7.75	0.0682
20	7.76	0.0226
21	7.76	0.0741
22	7.77	0.0552
23	7.77	0.0521

Table of Multiplets
No.	Shift1 (ppm)	Hs	Type	Atom1	Multiplet1	 (ppm)
1	6.48		1	s	7	M04		6.47 .. 6.49
2	7.20		1	m	4	M03		7.19 .. 7.23
3	7.30		2	m	5 3	M02		7.29 .. 7.33
4	7.76		2	m	6 2	M01		7.74 .. 7.77
	
Table of Assignments
No.	Atom	Exp. Shift (ppm)	Multiplet
1	12	6.48			M04
2	18	7.20			M03
3	16	7.30			M02
4	17	7.30			M02
5	14	7.76			M01
6	15	7.76			M01
