Table of Peaks
No.	(ppm)	(Hz)	Height
1	2.28	1368.8	0.1291
2	2.30	1378.0	0.1286
3	2.31	1383.9	0.1584
4	2.32	1393.3	0.1622
5	2.33	1400.2	0.1179
6	2.35	1406.9	0.2099
7	2.35	1410.2	0.1022
8	2.36	1414.4	0.3533
9	2.36	1416.9	0.2055
10	2.37	1421.1	0.5588
11	2.38	1427.8	0.3085
12	2.39	1430.7	0.3143
13	2.39	1434.9	0.3182
14	2.40	1437.3	0.3240
15	2.40	1441.5	0.3223
16	2.41	1444.9	0.1313
17	2.42	1449.2	0.1169
18	2.42	1451.5	0.1229
19	2.43	1455.8	0.1094
20	3.60	2160.8	0.3003
21	3.73	2237.6	0.3136
22	3.74	2242.8	0.4676
23	3.75	2250.0	0.4946
24	3.76	2255.2	0.5501
25	3.81	2287.3	0.4839
26	3.82	2290.9	0.5248
27	3.83	2299.8	0.3032
28	3.84	2303.3	0.3101
29	4.02	2413.1	0.2003
30	4.03	2416.9	0.4128
31	4.03	2418.1	0.2873
32	4.04	2420.7	0.2873
33	4.04	2422.0	0.3871
34	4.04	2425.8	0.1837
35	4.44	2661.6	0.1598
36	4.44	2665.7	0.3225
37	4.45	2668.1	0.1910
38	4.45	2669.8	0.1998
39	4.46	2672.1	0.3070
40	4.46	2676.2	0.1501
41	5.87	3522.3	0.8198
42	5.89	3530.4	0.8231
43	6.26	3753.8	0.3366
44	6.27	3760.5	0.6834
45	6.28	3767.3	0.3311
46	7.83	4692.9	1.0000
47	7.84	4701.0	0.9720

Table of Multiplets
No.	Shift1 (ppm)	Hs	Type	J (Hz)	Atom1	Multiplet1	 (ppm)
1	2.38	2	m	-	3	M07	2.33 .. 2.43
2	3.79	2	m	-	13	M06	3.73 .. 3.85
3	4.03	1	dt	5.07 3.78	5	M05	4.02 .. 4.05
4	4.45	1	dt	6.46 4.07	4	M04	4.43 .. 4.47
5	5.88	1	d	8.10	10	M03	5.86 .. 5.90
6	6.27	1	t	6.73	2	M02	6.25 .. 6.29
7	7.83	1	d	8.10	11	M01	7.82 .. 7.85

Table of Assignments
No.	Atom	Exp. Shift (ppm)	Multiplet
1	17	2.38	M07
2	21	3.79	M06
3	20	4.03	M05
4	16	4.45	M04
5	26	5.88	M03
6	19	6.27	M02
7	24	7.83	M01
