Table of Peaks
No.	(ppm)	Height
1	2.13	0.4658
2	2.48	0.0302
3	2.49	0.0307
4	2.50	0.0445
5	2.52	0.0439
6	2.61	0.0392
7	2.62	0.0404
8	2.64	0.0280
9	2.65	0.0273
10	3.18	1.0000
11	3.59	0.0335
12	3.61	0.0405
13	3.82	0.0311
14	3.84	0.0316
15	3.85	0.0253
16	3.86	0.0256
17	5.57	0.0079
18	5.59	0.0174
19	5.60	0.0170
20	5.61	0.0070

Table of Multiplets
No.	Shift1 (ppm)	Hs	Type	Atom1		Multiplet1	 (ppm)
1	2.13		3	s	12		M07		2.12 .. 2.15
2	2.48		1	dd	4		M06		2.47 .. 2.53
3	2.61		1	dd	4		M05		2.60 .. 2.66
4	3.18		9	s	14 13 11	M04		3.17 .. 3.20
5	3.61		1	d	9		M03		3.57 .. 3.63
6	3.82		1	dd	9		M02		3.81 .. 3.88
7	5.57		1	q	5		M01		5.55 .. 5.63

Table of Assignments
No.	Atom	Exp. Shift (ppm)	Multiplet
1	28	2.13		M07
2	26	2.48		M06
3	27	2.61		M05
4	20	3.18		M04
5	17	3.18		M04
6	23	3.18		M04
7	14	3.61		M03
8	15	3.82		M02
9	16	5.57		M01


