Table of Peaks
No.	(ppm)	(Hz)	Height
1	3.95	2369.1	1.0000
2	3.96	2375.0	0.9673
3	7.52	4512.8	0.2803
4	7.53	4514.5	0.1232
5	7.54	4520.2	0.5759
6	7.54	4520.5	0.5632
7	7.55	4526.6	0.1605
8	7.55	4528.2	0.4110
9	7.61	4563.5	0.1022
10	7.61	4564.8	0.2074
11	7.61	4566.1	0.1333
12	7.62	4570.5	0.0912
13	7.62	4572.3	0.2841
14	7.63	4574.0	0.0988
15	7.63	4578.5	0.0616
16	7.64	4579.7	0.1131
17	7.64	4580.9	0.0671
18	7.81	4685.0	0.4922
19	7.81	4686.3	0.6328
20	7.83	4693.4	0.5421
21	7.83	4694.6	0.4837

Table of Multiplets
No.	Shift1 (ppm)	Hs	Type	J (Hz)	Atom1	Multiplet1	 (ppm)
1	3.96	2	d	5.84	10	M04	3.94 .. 3.97
2	7.54	2	none	-	5 3	M03	7.52 .. 7.56
3	7.62	1	tt	7.47 1.52	4	M02	7.60 .. 7.64
4	7.82	2	dd	8.41 1.24	6 2	M01	7.81 .. 7.83

Table of Assignments
No.	Atom	Exp. Shift (ppm)	Multiplet
1	7	3.96	M04
2	2	7.54	M03
3	3	7.54	M03
4	1	7.62	M02
5	4	7.82	M01
6	5	7.82	M01
