Table of Peaks

No. 	(ppm) 	(Hz) 	Height
1 	5.75 	2872.8 	0.0988 	
2 	2.50 	1249.8 	0.0589 	
3 	2.48 	1240.9 	0.0630 	
4 	2.46 	1230.6 	0.1129 	
5 	2.45 	1225.9 	0.0520 	
6 	2.44 	1221.6 	0.0824 	
7 	2.43 	1216.5 	0.0802 	
8 	2.43 	1213.9 	0.0909 	
9 	2.42 	1211.7 	0.0861 	
10 	2.42 	1209.1 	0.0824 	
11 	2.41 	1203.5 	0.0398 	
12 	2.40 	1201.5 	0.0479 	
13 	2.40 	1199.6 	0.0878 	
14 	2.39 	1196.3 	0.0533 	
15 	2.39 	1194.7 	0.0781 	
16 	2.37 	1186.8 	0.0541 	
17 	2.37 	1182.8 	0.0833 	
18 	2.36 	1178.9 	0.0672 	
19 	2.35 	1174.5 	0.0608 	
20 	2.34 	1170.3 	0.0970 	
21 	2.34 	1167.7 	0.0875 	
22 	2.32 	1159.9 	0.0388 	
23 	2.32 	1157.4 	0.0422 	
24 	2.31 	1155.7 	0.0406 	
25 	2.31 	1153.2 	0.0323 	
26 	2.14 	1068.1 	0.0413 	
27 	2.12 	1059.0 	0.0964 	
28 	2.10 	1049.6 	0.0718 	
29 	2.08 	1039.7 	0.0786 	
30 	2.06 	1030.4 	0.0835 	
31 	2.05 	1026.7 	0.0523 	
32 	2.05 	1025.2 	0.0517 	
33 	2.04 	1021.8 	0.0415 	
34 	2.03 	1016.6 	0.0506 	
35 	2.03 	1013.4 	0.0592 	
36 	2.02 	1011.7 	0.0571 	
37 	2.02 	1008.5 	0.0442 	
38 	2.00 	1000.9 	0.0426 	
39 	1.99 	994.9 	0.0784 	
40 	1.98 	992.0 	0.0800 	
41 	1.98 	989.1 	0.0836 	
42 	1.97 	986.3 	0.0700 	
43 	1.97 	982.4 	0.0828 	
44 	1.96 	979.5 	0.0806 	
45 	1.95 	976.3 	0.0485 	
46 	1.95 	973.9 	0.0558 	
47 	1.89 	942.3 	0.0416 	
48 	1.88 	938.6 	0.0611 	
49 	1.87 	935.6 	0.0475 	
50 	1.86 	929.3 	0.0474 	
51 	1.85 	925.7 	0.0663 	
52 	1.85 	922.6 	0.0490 	
53 	1.77 	883.0 	0.0193 	
54 	1.76 	879.5 	0.0195 	
55 	1.75 	872.2 	0.0878 	
56 	1.74 	868.1 	0.0856 	
57 	1.72 	857.9 	0.1126 	
58 	1.71 	853.6 	0.1000 	
59 	1.70 	849.7 	0.0735 	
60 	1.69 	845.5 	0.0675 	
61 	1.68 	839.2 	0.0764 	
62 	1.67 	836.0 	0.0557 	
63 	1.66 	832.0 	0.0259 	
64 	1.61 	805.2 	0.0227 	
65 	1.59 	796.1 	0.0453 	
66 	1.58 	791.5 	0.0883 	
67 	1.57 	786.9 	0.0273 	
68 	1.57 	783.6 	0.0842 	
69 	1.56 	780.3 	0.0315 	
70 	1.55 	774.4 	0.0417 	
71 	1.54 	771.1 	0.0492 	
72 	1.52 	761.9 	0.0216 	
73 	1.50 	749.5 	0.0199 	
74 	1.49 	745.3 	0.0194 	
75 	1.47 	736.2 	0.0516 	
76 	1.46 	732.2 	0.0498 	
77 	1.45 	723.3 	0.0524 	
78 	1.44 	719.3 	0.0523 	
79 	1.42 	710.1 	0.0255 	
80 	1.41 	705.9 	0.0229 	
81 	1.32 	660.9 	0.0471 	
82 	1.31 	654.8 	0.0842 	
83 	1.30 	650.0 	0.0936 	
84 	1.28 	641.7 	0.1032 	
85 	1.27 	637.2 	0.1039 	
86 	1.26 	631.5 	0.0391 	
87 	1.26 	628.2 	0.0348 	
88 	1.25 	624.0 	0.0296 	
89 	1.21 	604.7 	0.9559 	
90 	1.16 	580.1 	0.0231 	
91 	1.15 	575.7 	0.0245 	
92 	1.13 	566.9 	0.0461 	
93 	1.13 	563.0 	0.0457 	
94 	1.11 	554.3 	0.0427 	
95 	1.10 	550.3 	0.0427 	
96 	1.08 	541.6 	0.0219 	
97 	1.08 	537.3 	0.0188 	
98 	1.02 	508.0 	0.0418 	
99 	1.01 	503.9 	0.0423 	
100 	0.99 	495.8 	0.0581 	
101 	0.99 	493.1 	0.0570 	
102 	0.97 	484.9 	0.0382 	
103 	0.96 	480.8 	0.0353 	
104 	0.92 	457.7 	1.0000 	


Table of Multiplets

No. 	Shift1 (ppm) 	Hs 	Type 	J (Hz) 	Atom1 	Multiplet1 	 (ppm)
1 	5.75 	2 	s 	- 	14 	M01 	5.71 .. 5.78
2 	2.43 	12 	m 	- 	12 16 4 	M02 	2.38 .. 2.52
3 	2.34 	8 	m 	- 	16 12 	M03 	2.29 .. 2.38
4 	2.10 	4 	m 	- 	11 	M04 	2.06 .. 2.15
5 	2.04 	3 	m 	- 	3 	M05 	2.01 .. 2.06
6 	1.97 	8 	m 	- 	17 	M06 	1.93 .. 2.01
7 	1.87 	4 	dt 	12.95 3.34 	7 	M07 	1.83 .. 1.90
8 	1.71 	11 	m 	- 	8 11 	M08 	1.64 .. 1.78
9 	1.57 	5 	m 	- 	3 	M09 	1.52 .. 1.63
10 	1.46 	4 	tt 	13.23 13.07 4.14 	8 	M10 	1.40 .. 1.51
11 	1.28 	8 	m 	- 	7 2 	M11 	1.23 .. 1.34
12 	1.21 	11 	s 	- 	20 	M12 	1.19 .. 1.23
13 	1.12 	4 	tt 	12.80 4.32 	17 	M13 	1.06 .. 1.18
14 	0.99 	4 	m 	- 	9 	M14 	0.95 .. 1.03
15 	0.92 	11 	s 	- 	19 	M15 	0.90 .. 0.94


Table of Assignments

No. 	Atom 	Exp. Shift (ppm) 	Multiplet
1 	46 	5.75 	M01
2 	34 	2.43 	M02
3 	32 	2.43 	M02
4 	44 	2.43 	M02
5 	45 	2.34 	M03
6 	33 	2.34 	M03
7 	36 	2.10 	M04
8 	30 	2.04 	M05
9 	28 	1.97 	M06
10 	26 	1.87 	M07
11 	15 	1.71 	M08
12 	24 	1.71 	M08
13 	31 	1.57 	M09
14 	25 	1.46 	M10
15 	23 	1.28 	M11
16 	27 	1.28 	M11
17 	41 	1.21 	M12
18 	29 	1.12 	M13
19 	22 	0.99 	M14
20 	38 	0.92 	M15
