Table of Peaks
No. 	(ppm) 	(Hz) 	Height
1 	1.42 	712.1 	0.0912 	
2 	1.44 	719.3 	0.2511 	
3 	1.45 	726.8 	0.3889 	
4 	1.47 	734.3 	0.3216 	
5 	1.48 	741.9 	0.1336 	
6 	1.55 	774.2 	0.2275 	
7 	1.56 	781.7 	0.4458 	
8 	1.58 	789.3 	0.4594 	
9 	1.59 	796.8 	0.2845 	
10 	1.61 	804.0 	0.0982 	
11 	2.18 	1088.7 	0.1916 	
12 	2.19 	1095.6 	0.4845 	
13 	2.21 	1102.8 	0.4972 	
14 	2.23 	1112.5 	0.7469 	
15 	2.24 	1119.9 	1.0000 	
16 	2.26 	1127.2 	0.4683 	
17 	5.82 	2907.3 	0.3978 	
18 	5.85 	2922.9 	0.4266 	
19 	6.69 	3345.7 	0.1851 	
20 	6.71 	3352.7 	0.3543 	
21 	6.72 	3359.8 	0.2302 	
22 	6.72 	3361.1 	0.2279 	
23 	6.74 	3368.3 	0.3311 	
24 	6.75 	3375.2 	0.1676 	

Table of Multiplets
No. 	Shift1 (ppm) 	Hs 	Type 	J (Hz) 	Atom1 	Multiplet1 	 (ppm)
1 	1.45 	1 	m 	- 	5 	M05 	1.42 .. 1.50
2 	1.58 	1 	m 	- 	6 	M04 	1.54 .. 1.62
3 	2.22 	1 	m 	- 	7 4 	M03 	2.16 .. 2.26
4 	5.83 	1 	d 	15.60 	9 	M02 	5.80 .. 5.86
5 	6.72 	1 	td 	15.50 7.06 6.91 	8 	M01 	6.68 .. 6.77

Table of Assignments
No. 	Atom 	Exp. Shift (ppm) 	Multiplet
1 	14 	1.45 	M05
2 	12 	1.58 	M04
3 	16 	2.22 	M03
4 	18 	2.22 	M03
5 	21 	5.83 	M02
6 	20 	6.72 	M01
