Table of Peaks

No. 	(ppm) 	(Hz) 	Height
1 	5.59 	2792.7 	0.0938 	
2 	5.58 	2789.6 	0.0959 	
3 	5.40 	2701.4 	0.0972 	
4 	5.40 	2698.7 	0.0944 	
5 	5.39 	2696.1 	0.0806 	
6 	3.68 	1839.4 	0.0209 	
7 	3.67 	1835.5 	0.0321 	
8 	3.66 	1831.0 	0.0347 	
9 	3.66 	1828.4 	0.0432 	
10 	3.65 	1824.2 	0.0610 	
11 	3.64 	1820.0 	0.0496 	
12 	3.64 	1817.6 	0.0367 	
13 	3.63 	1813.4 	0.0350 	
14 	3.62 	1808.9 	0.0203 	
15 	2.50 	1248.4 	0.0414 	
16 	2.49 	1246.1 	0.0419 	
17 	2.49 	1243.8 	0.0380 	
18 	2.47 	1234.1 	0.0533 	
19 	2.46 	1231.9 	0.0530 	
20 	2.46 	1229.7 	0.0456 	
21 	2.32 	1159.9 	0.0405 	
22 	2.32 	1159.3 	0.0404 	
23 	2.29 	1147.0 	0.0602 	
24 	2.27 	1134.5 	0.0349 	
25 	2.11 	1056.4 	0.0632 	
26 	2.11 	1053.9 	0.0608 	
27 	2.09 	1045.6 	0.0675 	
28 	2.09 	1044.2 	0.0663 	
29 	2.09 	1043.9 	0.0663 	
30 	1.98 	988.7 	0.0772 	
31 	1.97 	983.1 	0.0798 	
32 	1.96 	981.8 	0.0795 	
33 	1.96 	978.8 	0.0801 	
34 	1.95 	974.5 	0.0730 	
35 	1.94 	968.2 	0.0768 	
36 	1.93 	965.3 	0.0824 	
37 	1.91 	954.6 	0.1665 	
38 	1.89 	944.3 	0.1749 	
39 	1.85 	926.0 	0.0353 	
40 	1.85 	923.9 	0.0340 	
41 	1.85 	923.3 	0.0340 	
42 	1.85 	922.7 	0.0339 	
43 	1.78 	887.4 	0.0390 	
44 	1.77 	882.8 	0.0398 	
45 	1.75 	873.8 	0.0594 	
46 	1.74 	869.0 	0.0608 	
47 	1.72 	862.1 	0.0759 	
48 	1.72 	860.0 	0.0741 	
49 	1.71 	855.7 	0.0867 	
50 	1.71 	853.7 	0.0791 	
51 	1.70 	850.6 	0.0691 	
52 	1.70 	848.0 	0.0707 	
53 	1.69 	846.2 	0.0713 	
54 	1.69 	843.6 	0.0747 	
55 	1.67 	836.6 	0.0453 	
56 	1.62 	807.3 	0.0707 	
57 	1.61 	804.9 	0.0769 	
58 	1.60 	800.0 	0.0776 	
59 	1.60 	798.1 	0.0813 	
60 	1.59 	793.8 	0.0764 	
61 	1.59 	793.1 	0.0764 	
62 	1.58 	791.1 	0.0790 	
63 	1.57 	786.4 	0.0841 	
64 	1.56 	779.6 	0.1029 	
65 	1.55 	773.1 	0.1395 	
66 	1.54 	770.5 	0.1351 	
67 	1.53 	766.6 	0.1582 	
68 	1.52 	760.1 	0.1650 	
69 	1.50 	750.5 	0.1075 	
70 	1.50 	749.1 	0.1067 	
71 	1.47 	736.7 	0.0745 	
72 	1.47 	733.5 	0.0769 	
73 	1.46 	728.9 	0.0703 	
74 	1.45 	722.5 	0.0727 	
75 	1.42 	710.8 	0.1120 	
76 	1.41 	704.6 	0.1340 	
77 	1.40 	698.7 	0.1552 	
78 	1.39 	692.9 	0.1720 	
79 	1.37 	687.0 	0.1933 	
80 	1.36 	679.9 	0.2235 	
81 	1.36 	677.8 	0.2246 	
82 	1.34 	671.5 	0.1714 	
83 	1.34 	668.8 	0.1725 	
84 	1.32 	658.7 	0.1358 	
85 	1.31 	656.1 	0.1287 	
86 	1.29 	644.5 	0.0905 	
87 	1.28 	640.2 	0.0877 	
88 	1.27 	635.3 	0.0822 	
89 	1.26 	632.2 	0.0822 	
90 	1.25 	627.1 	0.1285 	
91 	1.25 	622.5 	0.1112 	
92 	1.23 	616.4 	0.1386 	
93 	1.22 	607.9 	0.1140 	
94 	1.20 	597.4 	0.1015 	
95 	1.16 	580.7 	0.1795 	
96 	1.15 	576.4 	0.1854 	
97 	1.15 	572.4 	0.2038 	
98 	1.14 	567.6 	0.1975 	
99 	1.12 	560.7 	0.1419 	
100 	1.09 	545.3 	0.0919 	
101 	1.05 	526.3 	0.0665 	
102 	1.03 	517.2 	0.0973 	
103 	1.02 	509.0 	0.1203 	
104 	1.00 	499.3 	0.0789 	
105 	0.96 	478.1 	0.6760 	
106 	0.95 	473.1 	0.4138 	
107 	0.89 	444.2 	0.9048 	
108 	0.88 	442.1 	1.0000 	
109 	0.88 	437.8 	0.9408 	
110 	0.87 	435.7 	0.8379 	
111 	0.63 	315.6 	0.4599 	


Table of Multiplets

No. 	Shift1 (ppm) 	Hs 	Type 	J (Hz) 	Atom1 	Multiplet1 	 (ppm)
1 	5.58 	1 	m 	- 	11 	M01 	5.55 .. 5.62
2 	5.40 	2 	m 	- 	10 	M02 	5.35 .. 5.44
3 	3.65 	1 	tt 	11.03 4.23 	16 	M03 	3.60 .. 3.70
4 	2.48 	1 	m 	- 	17 	M04 	2.43 .. 2.54
5 	2.30 	2 	m 	- 	17 	M05 	2.25 .. 2.34
6 	2.10 	2 	m 	- 	9 	M06 	2.06 .. 2.14
7 	1.96 	4 	m 	- 	3 7a 	M07 	1.93 .. 2.03
8 	1.87 	5 	m 	- 	5a 14 15 	M08 	1.84 .. 1.93
9 	1.72 	4 	m 	- 	4 8 	M09 	1.67 .. 1.80
10 	1.55 	10 	m 	- 	15 3 8 	M10 	1.45 .. 1.65
11 	1.36 	13 	m 	- 	14 23 21 20 4 	M11 	1.27 .. 1.45
12 	1.24 	5 	m 	- 	2a 9 	M12 	1.19 .. 1.27
13 	1.13 	9 	m 	- 	22 21 	M13 	1.07 .. 1.19
14 	1.03 	4 	m 	- 	19 	M14 	0.99 .. 1.07
15 	0.96 	2 	s 	- 	25 	M15 	0.95 .. 0.98
16 	0.95 	4 	m 	- 	27 	M16 	0.93 .. 0.98
17 	0.88 	7 	d 	6.45 	24 	M17 	0.86 .. 0.91
18 	0.88 	7 	d 	6.41 	28 	M19 	0.85 .. 0.91
19 	0.63 	1 	s 	- 	18 	M18 	0.62 .. 0.65


Table of Assignments

No. 	Atom 	Exp. Shift (ppm) 	Multiplet
1 	51 	5.58 	M01
2 	45 	5.40 	M02
3 	59 	3.65 	M03
4 	52 	2.48 	M04
5 	53 	2.30 	M05
6 	31 	2.10 	M06
7 	30 	1.96 	M07
8 	35 	1.96 	M07
9 	54 	1.87 	M08
10 	43 	1.87 	M08
11 	28 	1.87 	M08
12 	37 	1.72 	M09
13 	33 	1.72 	M09
14 	38 	1.55 	M10
15 	36 	1.55 	M10
16 	55 	1.55 	M10
17 	34 	1.36 	M11
18 	49 	1.36 	M11
19 	60 	1.36 	M11
20 	65 	1.36 	M11
21 	44 	1.36 	M11
22 	31 	1.24 	M12
23 	29 	1.24 	M12
24 	61 	1.13 	M13
25 	62 	1.13 	M13
26 	39 	1.03 	M14
27 	46 	0.96 	M15
28 	56 	0.95 	M16
29 	69 	0.88 	M17
30 	66 	0.88 	M19
31 	40 	0.63 	M18
