Table of Peaks

No. 	(ppm) 	(Hz) 	Height
1 	5.63 	2816.3 	0.0068 	
2 	5.62 	2808.7 	0.0151 	
3 	5.61 	2802.1 	0.0156 	
4 	5.59 	2794.7 	0.0071 	
5 	3.90 	1949.7 	0.0186 	
6 	3.88 	1941.0 	0.0192 	
7 	3.87 	1935.1 	0.0258 	
8 	3.85 	1926.5 	0.0262 	
9 	3.63 	1814.3 	0.0394 	
10 	3.60 	1799.5 	0.0336 	
11 	3.18 	1587.7 	1.0000 	
12 	2.68 	1338.5 	0.0118 	
13 	2.66 	1331.5 	0.0303 	
14 	2.65 	1324.5 	0.0418 	
15 	2.64 	1317.5 	0.0334 	
16 	2.63 	1314.5 	0.0280 	
17 	2.62 	1310.4 	0.0175 	
18 	2.62 	1308.7 	0.0261 	
19 	2.60 	1299.0 	0.0455 	
20 	2.59 	1293.1 	0.0486 	
21 	2.53 	1265.5 	0.0521 	
22 	2.52 	1258.0 	0.0483 	
23 	2.50 	1249.9 	0.0268 	
24 	2.49 	1242.4 	0.0287 	
25 	1.15 	576.0 	0.2741 	
26 	1.14 	572.0 	0.2681 	
27 	1.14 	569.0 	0.2677 	
28 	1.13 	565.0 	0.2556 	


Table of Multiplets

No. 	Shift1 (ppm) 	Hs 	Type 	J (Hz) 	Atom1 	Multiplet1 	 (ppm)
1 	5.61 	3 	m 	- 	4 	M01 	5.56 .. 5.66
2 	3.88 	3 	dd 	14.53 8.67 	5 	M02 	3.82 .. 3.92
3 	3.62 	3 	d 	14.82 	5 	M03 	3.58 .. 3.65
4 	3.18 	34 	s 	- 	13 14 7 	M04 	3.16 .. 3.20
5 	2.64 	5 	m 	- 	8 	M05 	2.61 .. 2.69
6 	2.59 	3 	d 	5.81 	10 	M06 	2.58 .. 2.61
7 	2.51 	4 	m 	- 	10 	M07 	2.46 .. 2.55
8 	1.15 	16 	d 	3.98 	9 	M08 	1.14 .. 1.16
9 	1.13 	13 	d 	3.98 	15 	M09 	1.12 .. 1.14


Table of Assignments

No. 	Atom 	Exp. Shift (ppm) 	Multiplet
1 	18 	5.61 	M01
2 	16 	3.88 	M02
3 	17 	3.62 	M03
4 	25 	3.18 	M04
5 	19 	3.18 	M04
6 	22 	3.18 	M04
7 	30 	2.64 	M05
8 	28 	2.59 	M06
9 	29 	2.51 	M07
10 	34 	1.15 	M08
11 	31 	1.13 	M09
