Table of Peaks
No.	(ppm)	(Hz)	Height
1	3.45	1722.0	0.1434
2	3.46	1731.3	0.3294
3	3.48	1740.5	0.1973
4	3.54	1767.3	0.1967
5	3.54	1771.2	0.1993
6	3.56	1777.3	0.2356
7	3.56	1781.2	0.2420
8	3.67	1834.4	1.0000
9	3.73	1866.1	0.2202
10	3.75	1875.8	0.2984
11	3.77	1885.3	0.1598
12	3.80	1900.5	0.2393
13	3.81	1905.5	0.9351
14	3.81	1906.8	0.8456
15	3.83	1916.4	0.1315
16	3.84	1919.3	0.1288
17	3.85	1922.2	0.0507
18	3.86	1929.2	0.1019
19	3.87	1932.7	0.0980
20	3.87	1935.9	0.0815
21	3.88	1937.6	0.1336
22	3.88	1939.2	0.0883
23	3.88	1941.2	0.1329
24	3.89	1944.0	0.0878
25	3.90	1947.7	0.0779
26	4.02	2010.9	0.1445
27	4.04	2019.6	0.2723
28	4.06	2028.1	0.1518
29	4.20	2098.2	0.2893
30	4.22	2106.9	0.2297
31	5.39	2696.3	0.1849
32	5.40	2700.2	0.1911

Table of Multiplets
No.	Shift1 (ppm)	Hs	Type	J (Hz)	Atom1	Multiplet1	 (ppm)
1	3.46	1	t	9.30	10	M10	3.43 .. 3.50
2	3.46	1	t	9.30	10	M10	3.43 .. 3.50
3	3.55	1	dd	9.98	12	M09	3.52 .. 3.57
4	3.55	1	dd	3.89	12	M09	3.52 .. 3.57
5	3.67	2	s	-	13	M08	3.65 .. 3.69
6	3.75	1	t	9.57	11	M07	3.72 .. 3.78
7	3.75	1	t	9.57	11	M07	3.72 .. 3.78
8	3.82	4	m	-	17 19	M06	3.78 .. 3.85
9	3.87	1	dd	6.46	9	M05	3.85 .. 3.88
10	3.87	1	dd	3.25	9	M05	3.85 .. 3.88
11	3.89	1	dd	6.50	5	M04	3.87 .. 3.90
12	3.89	1	dd	3.66	5	M04	3.87 .. 3.90
13	4.04	1	t	8.59	4	M03	4.01 .. 4.07
14	4.04	1	t	8.59	4	M03	4.01 .. 4.07
15	4.21	1	d	8.75	3	M02	4.18 .. 4.23
16	5.40	1	d	3.89	7	M01	5.37 .. 5.42

Table of Assignments
No.	Atom	Exp. Shift (ppm)	Multiplet
1	29	3.46	M10
2	27	3.55	M09
3	31	3.67	M08
4	28	3.75	M07
5	33	3.82	M06
6	35	3.82	M06
7	30	3.87	M05
8	25	3.89	M04
9	24	4.04	M03
10	23	4.21	M02
11	26	5.40	M01

