Table of Peaks
No.	(ppm)	(Hz)	Height
1	3.65	1823.1	1.0000
2	7.14	3567.7	0.1070
3	7.14	3568.7	0.1249
4	7.15	3574.9	0.1779
5	7.15	3575.6	0.2822
6	7.16	3576.5	0.1864
7	7.17	3582.6	0.1722
8	7.17	3583.6	0.1886
9	7.22	3609.6	0.1397
10	7.22	3610.8	0.1608
11	7.23	3616.3	0.3362
12	7.24	3617.6	0.2922
13	7.24	3618.7	0.1955
14	7.25	3624.8	0.1136
15	7.25	3625.9	0.1156
16	7.49	3743.6	0.2775
17	7.51	3751.7	0.2482
18	7.62	3806.7	0.2269
19	7.63	3814.6	0.2181

Table of Assignments
No.	Atom	Exp. Shift (ppm)	Multiplet
1	13	3.65	M05
2	20	7.15	M04
3	15	7.24	M03
4	19	7.24	M03
5	17	7.50	M02
6	18	7.62	M01


Table of Multiplets
No.	Shift1 (ppm)	Hs	Type	J (Hz)	Atom1	Multiplet1	 (ppm)
1	3.65	2	s	-	10	M05	3.61 .. 3.69
2	7.15	1	dd	-	7	M04	7.12 .. 7.19
3	7.24	2	m	-	2 8	M03	7.20 .. 7.28
4	7.50	1	d	8.15	9	M02	7.47 .. 7.53
5	7.62	1	d	7.83	6	M01	7.59 .. 7.66
