Table of Peaks
No. 	(ppm) 	(Hz) 	Height
1 	2.18 	1087.8 	0.3933
2 	2.16 	1080.5 	0.7280
3 	2.15 	1072.8 	0.4287
4 	1.57 	783.4 	0.0899
5 	1.55 	775.9 	0.2543
6 	1.54 	768.4 	0.3561
7 	1.52 	761.2 	0.2498
8 	1.51 	753.9 	0.0869
9 	1.34 	668.9 	0.0232
10 	1.33 	666.7 	0.0252
11 	1.32 	661.6 	0.0719
12 	1.32 	659.4 	0.0812
13 	1.31 	653.0 	0.1881
14 	1.29 	646.2 	0.2763
15 	1.28 	640.2 	0.3291
16 	1.27 	637.2 	0.3240
17 	1.27 	634.1 	0.2996
18 	1.26 	627.5 	0.2474
19 	1.25 	622.9 	0.1268
20 	1.24 	620.4 	0.1069
21 	1.23 	614.5 	0.0409
22 	1.22 	612.1 	0.0347
23 	0.88 	438.1 	0.4636
24 	0.86 	431.4 	1.0000
25 	0.85 	424.0 	0.4992
	


Table of Multiplets
No. 	Shift1 	(ppm) 	Hs 	Type	J (Hz) 	Atom1 	Multiplet1 (ppm)
1 	0.86 	1	 t 	6.97 	8 	M03 	0.82 .. 0.90
2	 1.28 	1 	m 	- 	7 6 	M02 	1.21 .. 1.36
3	 1.54 	1 	m 	- 	5 	M01 	1.47 .. 1.60
4 	2.16 	1 	t 	7.47 	4 	M00 	2.11 .. 2.21
	
Table of Assignments
No. 	Atom 	Exp. Shift (ppm) 	Multiplet
1 	16 	0.86 	M03
2 	12	1.28 	M02
3 	8 	1.28	 M02
4 	10 	1.54	 M01
5 	14 	2.16	 M00
