Table of Peaks
No.	(ppm)	(Hz)	Height
1	2.54	1522.3	0.1064
2	2.54	1525.6	0.1097
3	2.55	1528.5	0.1129
4	2.55	1531.8	0.1111
5	2.56	1536.4	0.1332
6	2.57	1539.7	0.1356
7	2.57	1542.6	0.1308
8	2.58	1546.0	0.1261
9	2.79	1675.7	0.1228
10	2.80	1681.8	0.1601
11	2.81	1683.1	0.1456
12	2.82	1689.5	0.2194
13	2.83	1696.0	0.1318
14	2.83	1697.2	0.1279
15	2.84	1703.5	0.1061
16	3.77	2260.1	0.1593
17	3.78	2264.4	0.1649
18	3.79	2272.7	0.3019
19	3.80	2277.0	0.3090
20	3.83	2298.5	0.3144
21	3.84	2301.7	0.3275
22	3.85	2311.1	0.1695
23	3.86	2314.4	0.1677
24	4.17	2503.1	0.1274
25	4.18	2506.4	0.3015
26	4.19	2510.3	0.2851
27	4.19	2513.5	0.1178
28	4.64	2780.7	0.0990
29	4.64	2783.8	0.1873
30	4.65	2786.8	0.1946
31	4.65	2789.8	0.1829
32	4.66	2792.9	0.0888
33	6.43	3857.6	0.2214
34	6.44	3864.2	0.3214
35	6.46	3871.4	0.2173
36	8.18	4906.2	1.0000
37	8.29	4971.0	0.9832

Table of Multiplets
No.	Shift1 (ppm)	Hs	Type	J (Hz)	Atom1	Multiplet1	 (ppm)
1	2.56	1	ddd	14.08 6.26 3.31	3	M09	2.53 .. 2.58
2	2.82	1	ddd	14.00 7.58 6.20	3	M08	2.79 .. 2.85
3	3.79	1	dd	12.60 4.30	16	M07	3.76 .. 3.80
4	3.84	1	dd	12.60 3.25	16	M06	3.82 .. 3.87
5	4.18	1	q	3.25	5	M05	4.16 .. 4.20
6	4.65	1	dt	6.08 3.05	4	M04	4.62 .. 4.67
7	6.44	1	t	6.92	2	M03	6.42 .. 6.47
8	8.18	1	s	-	12	M02	8.17 .. 8.20
9	8.29	1	s	-	7	M01	8.27 .. 8.30

Table of Assignments
No.	Atom	Exp. Shift (ppm)	Multiplet
1	20	2.56	M09
2	21	2.82	M08
3	23	3.79	M07
4	24	3.84	M06
5	22	4.18	M05
6	19	4.65	M04
7	18	6.44	M03
8	28	8.18	M02
9	25	8.29	M01
