Table of Peaks

No. 	(ppm) 	(Hz) 	Height
1 	4.22 	2111.7 	0.1271 	
2 	4.21 	2104.6 	0.3670 	
3 	4.20 	2097.4 	0.3693 	
4 	4.18 	2090.3 	0.1275 	
5 	3.81 	1903.6 	0.1588 	
6 	3.80 	1896.9 	0.4407 	
7 	3.78 	1890.4 	0.5652 	
8 	3.77 	1884.1 	0.2586 	
9 	3.75 	1872.7 	0.0508 	
10 	2.99 	1496.8 	0.1787 	
11 	2.98 	1487.3 	0.1964 	
12 	2.97 	1482.6 	0.1610 	
13 	2.95 	1473.1 	0.1422 	
14 	2.60 	1297.4 	0.0319 	
15 	2.58 	1290.5 	0.0685 	
16 	2.58 	1287.6 	0.0551 	
17 	2.57 	1282.8 	0.1132 	
18 	2.56 	1279.6 	0.0915 	
19 	2.55 	1275.1 	0.2269 	
20 	2.55 	1272.1 	0.2278 	
21 	2.54 	1267.2 	0.4739 	
22 	2.52 	1258.5 	0.5383 	
23 	2.50 	1250.8 	0.3214 	
24 	2.49 	1243.1 	0.1465 	
25 	2.47 	1235.4 	0.0724 	
26 	2.19 	1093.7 	0.0832 	
27 	2.17 	1086.2 	0.3177 	
28 	2.16 	1078.8 	0.6269 	
29 	2.15 	1072.4 	0.5623 	
30 	2.13 	1066.6 	0.2088 	
31 	2.13 	1064.9 	0.2040 	


Table of Multiplets

No. 	Shift1 (ppm) 	Hs 	Type 	J (Hz) 	Atom1 	Multiplet1 	 (ppm)
1 	4.20 	4 	q 	7.14 	3 	M01 	4.17 .. 4.24
2 	3.78 	9 	m 	- 	14 11 	M02 	3.74 .. 3.82
3 	2.97 	4 	dd 	14.23 9.47 	2 	M03 	2.94 .. 3.02
4 	2.54 	14 	m 	- 	9 	M04 	2.43 .. 2.64
5 	2.15 	13 	m 	- 	10 	M05 	2.09 .. 2.24


Table of Assignments

No. 	Atom 	Exp. Shift (ppm) 	Multiplet
1 	24 	4.20 	M01
2 	25 	3.78 	M02
3 	32 	3.78 	M02
4 	27 	2.97 	M03
5 	22 	2.54 	M04
6 	20 	2.15 	M05
