Table of Peaks 
No.	(ppm)	(Hz)	Height
1	6.58	3290.8	0.1906
2	6.59	3293.5	0.1976
3	7.13	3563.4	0.1192
4	7.13	3564.0	0.1207
5	7.14	3571.2	0.2769
6	7.16	3578.3	0.1710
7	7.16	3579.0	0.1720
8	7.22	3609.6	0.1435
9	7.22	3610.4	0.1480
10	7.24	3617.6	0.2512
11	7.25	3624.8	0.1250
12	7.25	3625.5	0.1228
13	7.53	3764.8	0.2599
14	7.55	3773.0	0.2323
15	7.69	3845.5	0.2482
16	7.71	3853.4	0.2375

Table of Multiplets 
No.	Shift1 (ppm)	Hs	Type	J (Hz)	Atom1	Multiplet1	 (ppm)
1	6.59	1	d	2.75	3	M06	6.56 .. 6.61
2	7.14	1	dt	7.50 0.61	7	M05	7.11 .. 7.18
3	7.24	1	dt	7.54 0.80	8	M04	7.20 .. 7.27
4	7.40	1	d	2.75	2	M03	7.37 .. 7.42
5	7.54	1	d	8.19	9	M02	7.52 .. 7.57
6	7.70	1	d	7.89	6	M01	7.67 .. 7.73

Table of Assignments
No.	Atom	Exp. Shift (ppm)	Multiplet
1	10	6.59	M06
2	14	7.14	M05
3	15	7.24	M04
4	13	7.40	M03
5	12	7.54	M02
6	11	7.70	M01



