Table of Peaks
No.	(ppm)	(Hz)	Height
1	4.18	2089.8	0.0161
2	4.17	2082.5	0.0725
3	4.15	2075.4	0.1031
4	4.14	2068.2	0.0640
5	4.12	2061.0	0.0161
6	2.17	1086.3	0.0520
7	2.16	1079.1	0.0694
8	2.15	1072.9	0.2083
9	2.13	1065.5	0.2914
10	2.13	1064.6	0.2745
11	2.11	1056.8	0.2674
12	2.10	1051.0	0.0519
13	2.09	1043.4	0.0752
14	2.03	1013.4	0.0156
15	2.01	1006.7	0.0477
16	2.00	999.7	0.0857
17	1.99	992.8	0.1021
18	1.97	986.0	0.0795
19	1.96	978.7	0.0497
20	1.95	972.2	0.0118
21	1.33	665.9	1.0000
22	1.32	658.6	0.9418
23	0.94	468.7	0.8807
24	0.92	462.1	0.8737
25	0.91	457.3	0.8787
26	0.90	450.7	0.8420

Table of Multiplets
No.	Shift1 (ppm)	Hs	Type	J (Hz)	Atom1	Multiplet1	 (ppm)
1	0.92	6	dd	11.40 6.65	11 12	M06	0.88 .. 0.97
2	1.32	3	d	7.25	8	M05	1.30 .. 1.35
3	1.99	1	ddd	13.84 7.19 7.01	10	M03	1.93 .. 2.04
4	2.13	2	m	-	9	M02	2.08 .. 2.18
5	4.15	1	m	7.21	4	M01	4.10 .. 4.21

Table of Assignments
No.	Atom	Exp. Shift (ppm)	Multiplet
1	19	0.92	M06
2	16	0.92	M06
3	12	1.99	M03
4	13	2.13	M02
5	23	1.32	M05
6	15	4.15	M01
