Table of Peaks
No. 	(ppm) 	(Hz) 	Height
1 	3.532 	1765.6 	2.1117 	
2 	3.545 	1772.1 	2.3961 	
3 	3.556 	1777.3 	3.4290 	
4 	3.569 	1783.9 	3.8592 	
5 	3.628 	1813.4 	3.4374 	
6 	3.637 	1817.7 	4.0000 	
7 	3.651 	1825.1 	2.1062 	
8 	3.660 	1829.5 	2.4318 	
9 	3.753 	1875.9 	0.4347 	
10 	3.762 	1880.3 	0.8238 	
11 	3.766 	1882.4 	0.8279 	
12 	3.771 	1884.7 	0.6044 	
13 	3.775 	1886.8 	1.3931 	
14 	3.779 	1888.9 	0.5713 	
15 	3.784 	1891.1 	0.6860 	
16 	3.788 	1893.2 	0.6303 	
17 	3.797 	1897.6 	0.2718 	


Table of Multiplets
No. 	Shift1 (ppm) 	Hs 	Type 	J (Hz) 	Atom1 	Multiplet1 	 (ppm)
1 	3.551 	37 	m 	- 	3 5 	M03 	3.525 .. 3.577
2 	3.644 	38 	m 	- 	3 5 	M02 	3.618 .. 3.670
3 	3.775 	18 	tt 	6.463 4.404 	2 	M01 	3.720 .. 3.821


Table of Assignments
No. 	Atom 	Exp. Shift (ppm) 	Multiplet
1 	7 	3.551 	M03
2 	10 	3.551 	M03
3 	8 	3.644 	M02
4 	9 	3.644 	M02
5 	6 	3.775 	M01
