Table of Peaks

No. 	(ppm) 	(Hz) 	Height
1 	4.04 	2424.1 	0.1313 	
2 	3.88 	2329.0 	0.1522 	
3 	3.50 	2097.8 	0.0417 	
4 	3.48 	2086.7 	0.0844 	
5 	3.47 	2082.4 	0.0592 	
6 	3.46 	2075.6 	0.0449 	
7 	2.39 	1433.6 	0.0221 	
8 	2.38 	1428.7 	0.0266 	
9 	2.37 	1419.1 	0.0536 	
10 	2.36 	1414.9 	0.0350 	
11 	2.35 	1408.4 	0.0353 	
12 	2.25 	1350.6 	0.0214 	
13 	2.24 	1344.7 	0.0488 	
14 	2.24 	1341.4 	0.0467 	
15 	2.23 	1336.5 	0.0599 	
16 	2.22 	1330.6 	0.0621 	
17 	2.20 	1321.0 	0.0358 	
18 	2.19 	1314.9 	0.0201 	
19 	2.13 	1280.2 	0.0274 	
20 	2.13 	1276.5 	0.0365 	
21 	2.11 	1264.9 	0.0870 	
22 	2.10 	1258.8 	0.0698 	
23 	2.09 	1251.6 	0.0836 	
24 	2.07 	1239.9 	0.0841 	
25 	2.05 	1226.9 	0.0764 	
26 	2.03 	1214.6 	0.0313 	
27 	1.96 	1176.4 	0.0673 	
28 	1.96 	1174.6 	0.0660 	
29 	1.95 	1170.5 	0.0665 	
30 	1.94 	1160.8 	0.1080 	
31 	1.84 	1102.6 	0.0257 	
32 	1.83 	1095.2 	0.0429 	
33 	1.82 	1090.4 	0.0667 	
34 	1.81 	1083.3 	0.0943 	
35 	1.80 	1077.9 	0.1287 	
36 	1.77 	1063.2 	0.0928 	
37 	1.74 	1045.8 	0.0701 	
38 	1.73 	1038.7 	0.1334 	
39 	1.72 	1034.5 	0.1071 	
40 	1.71 	1028.3 	0.1594 	
41 	1.71 	1024.0 	0.1800 	
42 	1.70 	1020.9 	0.1812 	
43 	1.69 	1015.2 	0.1634 	
44 	1.68 	1009.9 	0.1759 	
45 	1.67 	1002.6 	0.2012 	
46 	1.66 	997.6 	0.1595 	
47 	1.66 	994.3 	0.2509 	
48 	1.65 	990.3 	0.1892 	
49 	1.64 	986.5 	0.2298 	
50 	1.63 	978.3 	0.1417 	
51 	1.58 	950.2 	0.1343 	
52 	1.57 	942.5 	0.1210 	
53 	1.56 	938.4 	0.1248 	
54 	1.55 	931.0 	0.1851 	
55 	1.53 	916.8 	0.1109 	
56 	1.42 	854.4 	0.1234 	
57 	1.41 	848.6 	0.1392 	
58 	1.40 	841.2 	0.1703 	
59 	1.40 	837.6 	0.1630 	
60 	1.38 	830.0 	0.2442 	
61 	1.37 	822.5 	0.3581 	
62 	1.36 	815.1 	0.3690 	
63 	1.35 	807.6 	0.2242 	
64 	1.33 	800.5 	0.0848 	
65 	1.33 	794.7 	0.0440 	
66 	1.29 	774.9 	0.0390 	
67 	1.27 	763.4 	0.0617 	
68 	1.25 	752.4 	0.0521 	
69 	1.24 	743.1 	0.0258 	
70 	1.14 	682.9 	0.0200 	
71 	1.13 	676.0 	0.0251 	
72 	1.12 	670.9 	0.0518 	
73 	1.11 	664.7 	0.0537 	
74 	1.10 	658.9 	0.0510 	
75 	1.09 	652.6 	0.0480 	
76 	1.08 	647.5 	0.0214 	
77 	1.07 	640.7 	0.0169 	
78 	1.03 	616.9 	0.0163 	
79 	1.01 	604.7 	0.0630 	
80 	0.99 	596.1 	0.3377 	
81 	0.98 	590.4 	0.3513 	
82 	0.98 	585.2 	0.2350 	
83 	0.97 	578.8 	0.2228 	
84 	0.94 	562.8 	0.5139 	
85 	0.93 	555.4 	1.0000 	
86 	0.91 	548.0 	0.4710 	
87 	0.90 	537.0 	0.8987 	
88 	0.70 	417.1 	0.6954 	


Table of Multiplets

No. 	Shift1 (ppm) 	Hs 	Type 	J (Hz) 	Atom1 	Multiplet1 	 (ppm)
1 	4.04 	2 	m 	- 	12 	M01 	4.01 .. 4.09
2 	3.88 	2 	m 	- 	11 	M02 	3.85 .. 3.93
3 	3.48 	2 	m 	- 	16 	M03 	3.41 .. 3.53
4 	2.37 	1 	m 	- 	21 	M04 	2.31 .. 2.41
5 	2.22 	2 	m 	- 	21 30 	M05 	2.18 .. 2.29
6 	2.09 	5 	m 	- 	17 30 7 	M06 	2.00 .. 2.16
7 	1.95 	4 	m 	- 	3 14 	M07 	1.89 .. 2.01
8 	1.69 	12 	m 	- 	14 6 13 15 4 2 17 20 10 5 	M08 	1.48 .. 1.86
9 	1.38 	6 	m 	- 	20 19 9 	M09 	1.31 .. 1.47
10 	1.26 	1 	m 	- 	3 15 	M10 	1.21 .. 1.31
11 	1.10 	1 	m 	- 	4 	M11 	1.06 .. 1.17
12 	0.99 	3 	m 	- 	10 	M12 	0.95 .. 1.04
13 	0.93 	3 	t 	7.39 	28 	M13 	0.91 .. 0.95
14 	0.90 	2 	s 	- 	24 	M14 	0.88 .. 0.91
15 	0.70 	2 	s 	- 	18 	M15 	0.68 .. 0.71


Table of Assignments

No. 	Atom 	Exp. Shift (ppm) 	Multiplet
1 	37 	4.04 	M01
2 	43 	3.88 	M02
3 	61 	3.48 	M03
4 	70 	2.37 	M04
5 	73 	2.22 	M05
6 	71 	2.22 	M05
7 	35 	2.09 	M06
8 	74 	2.09 	M06
9 	54 	2.09 	M06
10 	48 	1.95 	M07
11 	44 	1.95 	M07
12 	34 	1.69 	M08
13 	38 	1.69 	M08
14 	59 	1.69 	M08
15 	41 	1.69 	M08
16 	36 	1.69 	M08
17 	55 	1.69 	M08
18 	63 	1.69 	M08
19 	46 	1.69 	M08
20 	33 	1.69 	M08
21 	49 	1.69 	M08
22 	40 	1.38 	M09
23 	53 	1.38 	M09
24 	64 	1.38 	M09
25 	60 	1.26 	M10
26 	45 	1.26 	M10
27 	42 	1.10 	M11
28 	47 	0.99 	M12
29 	66 	0.93 	M13
30 	56 	0.90 	M14
31 	50 	0.70 	M15
