Table of Peaks

No. 	(ppm) 	(Hz) 	Height
1 	7.39 	3696.0 	0.3701 	
2 	7.36 	3679.5 	0.4600 	
3 	4.50 	2251.3 	0.0392 	
4 	4.48 	2237.9 	0.0321 	
5 	4.48 	2237.2 	0.0313 	
6 	4.47 	2236.7 	0.0311 	
7 	4.27 	2132.8 	0.0564 	
8 	4.26 	2130.2 	0.0661 	
9 	4.26 	2127.8 	0.0708 	
10 	4.25 	2124.9 	0.0876 	
11 	4.24 	2121.5 	0.0634 	
12 	4.24 	2119.2 	0.0605 	
13 	4.23 	2116.6 	0.0491 	
14 	3.98 	1989.0 	0.0553 	
15 	3.97 	1986.2 	0.0659 	
16 	3.97 	1982.1 	0.1208 	
17 	3.96 	1979.4 	0.1276 	
18 	3.95 	1975.2 	0.0803 	
19 	3.95 	1972.4 	0.0786 	
20 	3.91 	1952.9 	0.1116 	
21 	3.90 	1950.1 	0.0954 	
22 	3.88 	1940.9 	0.1552 	
23 	3.88 	1938.2 	0.1213 	
24 	3.85 	1925.7 	0.1450 	
25 	3.84 	1920.6 	0.1589 	
26 	3.84 	1918.6 	0.1331 	
27 	3.83 	1913.4 	0.1098 	
28 	3.75 	1873.2 	0.1280 	
29 	3.73 	1866.4 	0.1203 	
30 	3.72 	1861.2 	0.1080 	
31 	3.71 	1854.5 	0.0928 	
32 	2.34 	1168.7 	1.0000 	
33 	2.23 	1116.6 	0.9854 	


Table of Multiplets

No. 	Shift1 (ppm) 	Hs 	Type 	J (Hz) 	Atom1 	Multiplet1 	 (ppm)
1 	7.39 	2 	s 	- 	11 	M01 	7.38 .. 7.42
2 	7.36 	2 	s 	- 	14 	M02 	7.34 .. 7.38
3 	4.48 	1 	m 	- 	17 	M03 	4.45 .. 4.52
4 	4.25 	1 	m 	- 	18 	M04 	4.22 .. 4.28
5 	3.96 	1 	ddd 	6.92 2.81 	24 	M05 	3.94 .. 3.99
6 	3.89 	1 	m 	- 	26 	M06 	3.87 .. 3.92
7 	3.84 	1 	dd 	7.11 5.19 	22 	M07 	3.81 .. 3.87
8 	3.73 	1 	dd 	11.92 6.70 	26 	M08 	3.70 .. 3.76
9 	2.34 	3 	s 	- 	20 	M09 	2.32 .. 2.36
10 	2.23 	4 	s 	- 	21 	M10 	2.22 .. 2.25


Table of Assignments
No. 	Atom 	Exp. Shift (ppm) 	Multiplet
1 	35 	7.39 	M01
2 	32 	7.36 	M02
3 	28 	4.48 	M03
4 	27 	4.25 	M04
5 	31 	3.96 	M05
6 	33 	3.89 	M06
7 	30 	3.84 	M07
8 	34 	3.73 	M08
9 	42 	2.34 	M09
10 	39 	2.23 	M10
