Table of Peaks 
No.	(ppm)	(Hz)	Height
1	1.99	1195.6	0.1048
2	2.00	1201.5	0.1082
3	2.01	1203.3	0.1279
4	2.01	1204.2	0.1416
5	2.02	1208.5	0.1514
6	2.02	1209.0	0.1570
7	2.02	1210.1	0.1530
8	2.02	1211.9	0.1385
9	2.03	1214.3	0.1334
10	2.03	1215.5	0.1445
11	2.03	1217.7	0.2447
12	2.04	1221.5	0.1318
13	2.04	1223.5	0.1504
14	2.04	1224.8	0.1470
15	2.05	1230.7	0.1359
16	2.37	1423.2	0.3775
17	2.38	1425.2	0.4068
18	2.39	1430.5	0.3276
19	2.39	1432.2	1.0000
20	2.39	1434.5	0.3925
21	2.40	1439.9	0.5169
22	2.40	1440.8	0.5035
23	2.46	1475.0	0.1838
24	2.47	1481.4	0.1493
25	2.48	1484.0	0.2235
26	2.48	1487.8	0.1671
27	2.49	1490.5	0.2016
28	2.49	1493.4	0.1465
29	2.49	1494.7	0.1636
30	2.50	1496.8	0.2852
31	2.50	1499.9	0.1166
32	2.51	1503.8	0.2372
33	2.51	1505.8	0.1344
34	2.52	1512.8	0.1030
35	4.15	2489.2	0.2656
36	4.16	2495.2	0.2696
37	4.17	2498.3	0.2742
38	4.18	2504.1	0.2500

Table of Multiplets 
No.	Shift1 (ppm)	Hs	Type	J (Hz)	Atom1	Multiplet1(ppm)
1	2.02	1	m	-	4	M04	1.99 .. 2.06
2	2.39	2	m	-	3	M03	2.37 .. 2.41
3	2.49	1	m	-	4	M02	2.45 .. 2.53
4	4.17	1	dd	9.00 5.90	5	M01	4.15 .. 4.18

Table of Assignments
No.	Atom	Exp. Shift (ppm)	Multiplet
1	10	2.02	M04
2	9	2.39	M03
3	11	2.49	M02
4	12	4.17	M01


