Table of Peaks

No. 	(ppm) 	(Hz) 	Height
1 	5.35 	2676.4 	0.0112 	
2 	5.35 	2674.2 	0.0092 	
3 	5.35 	2673.4 	0.0092 	
4 	5.34 	2671.0 	0.0097 	
5 	3.56 	1778.0 	0.0099 	
6 	3.55 	1773.6 	0.0244 	
7 	3.54 	1768.5 	0.0306 	
8 	3.54 	1767.2 	0.0305 	
9 	3.53 	1762.4 	0.0543 	
10 	3.52 	1757.7 	0.0525 	
11 	3.50 	1751.5 	0.0334 	
12 	3.49 	1746.7 	0.0255 	
13 	3.49 	1742.2 	0.0099 	
14 	2.31 	1156.0 	0.0301 	
15 	2.31 	1154.3 	0.0313 	
16 	2.30 	1151.1 	0.0352 	
17 	2.30 	1149.2 	0.0329 	
18 	2.29 	1142.9 	0.0756 	
19 	2.28 	1141.3 	0.0806 	
20 	2.28 	1138.2 	0.0771 	
21 	2.27 	1136.3 	0.0715 	
22 	2.26 	1127.5 	0.0515 	
23 	2.25 	1125.4 	0.0504 	
24 	2.23 	1114.3 	0.0624 	
25 	2.21 	1103.4 	0.0216 	
26 	2.20 	1101.2 	0.0212 	
27 	2.03 	1013.5 	0.0391 	
28 	2.02 	1010.1 	0.0664 	
29 	2.01 	1006.8 	0.0455 	
30 	2.00 	997.3 	0.0934 	
31 	1.99 	994.3 	0.0840 	
32 	1.97 	986.9 	0.0268 	
33 	1.97 	982.2 	0.0287 	
34 	1.96 	977.2 	0.0538 	
35 	1.95 	974.7 	0.0524 	
36 	1.95 	972.5 	0.0358 	
37 	1.94 	970.0 	0.0267 	
38 	1.86 	929.2 	0.0823 	
39 	1.85 	925.6 	0.1119 	
40 	1.84 	922.0 	0.0932 	
41 	1.83 	915.8 	0.1638 	
42 	1.83 	912.3 	0.1192 	
43 	1.82 	909.0 	0.1009 	
44 	1.81 	902.8 	0.0587 	
45 	1.80 	899.5 	0.0310 	
46 	1.79 	893.2 	0.0242 	
47 	1.68 	839.4 	0.0336 	
48 	1.60 	798.9 	0.0506 	
49 	1.59 	793.6 	0.0276 	
50 	1.58 	790.7 	0.0471 	
51 	1.58 	789.0 	0.0427 	
52 	1.57 	786.0 	0.0405 	
53 	1.57 	784.0 	0.0376 	
54 	1.56 	779.1 	0.0734 	
55 	1.55 	776.3 	0.0661 	
56 	1.54 	769.7 	0.4892 	
57 	1.53 	765.5 	0.1042 	
58 	1.53 	763.0 	0.1145 	
59 	1.51 	756.4 	0.1481 	
60 	1.50 	749.5 	0.1651 	
61 	1.49 	746.6 	0.1605 	
62 	1.49 	743.1 	0.1912 	
63 	1.46 	731.8 	0.1125 	
64 	1.46 	727.9 	0.0951 	
65 	1.44 	722.0 	0.0938 	
66 	1.44 	717.3 	0.0932 	
67 	1.42 	709.7 	0.1693 	
68 	1.41 	705.2 	0.1708 	
69 	1.39 	696.9 	0.0326 	
70 	1.37 	687.2 	0.0516 	
71 	1.36 	681.9 	0.0623 	
72 	1.36 	680.1 	0.0635 	
73 	1.34 	671.6 	0.1037 	
74 	1.33 	666.3 	0.0962 	
75 	1.33 	662.3 	0.1362 	
76 	1.31 	655.5 	0.0427 	
77 	1.31 	652.4 	0.0320 	
78 	1.30 	648.9 	0.0246 	
79 	1.29 	646.1 	0.0315 	
80 	1.29 	643.4 	0.0303 	
81 	1.28 	641.1 	0.0291 	
82 	1.27 	633.5 	0.0502 	
83 	1.25 	625.6 	0.0510 	
84 	1.25 	622.4 	0.0606 	
85 	1.22 	612.2 	0.0314 	
86 	1.22 	609.2 	0.0291 	
87 	1.18 	590.9 	0.0471 	
88 	1.17 	585.7 	0.0470 	
89 	1.16 	578.3 	0.1149 	
90 	1.15 	573.6 	0.1225 	
91 	1.13 	565.6 	0.1102 	
92 	1.12 	560.5 	0.1275 	
93 	1.11 	556.1 	0.1472 	
94 	1.11 	554.8 	0.1437 	
95 	1.10 	547.5 	0.1778 	
96 	1.07 	536.9 	0.1777 	
97 	1.06 	529.7 	0.0821 	
98 	1.05 	524.0 	0.0796 	
99 	1.04 	518.6 	0.0404 	
100 	1.03 	512.4 	0.0412 	
101 	1.01 	502.6 	1.0000 	
102 	0.99 	496.1 	0.1018 	
103 	0.98 	489.1 	0.0960 	
104 	0.97 	483.1 	0.0444 	
105 	0.95 	476.2 	0.0712 	
106 	0.94 	470.4 	0.0561 	
107 	0.93 	464.5 	0.0877 	
108 	0.92 	458.8 	0.5003 	
109 	0.90 	452.3 	0.4374 	
110 	0.87 	434.8 	0.6606 	
111 	0.87 	432.7 	0.6672 	
112 	0.86 	428.2 	0.6602 	
113 	0.85 	426.1 	0.6484 	
114 	0.79 	396.4 	0.0277 	
115 	0.68 	337.6 	0.9508 	
116 	0.53 	265.5 	0.0210 	


Table of Multiplets

No. 	Shift1 (ppm) 	Hs 	Type 	J (Hz) 	Atom1 	Multiplet1 	 (ppm)
1 	5.35 	1 	dd 	3.11 2.33 	11 	M01 	5.32 .. 5.39
2 	3.52 	2 	m 	- 	16 	M02 	3.44 .. 3.59
3 	2.27 	4 	m 	- 	17 	M03 	2.16 .. 2.37
4 	1.98 	4 	m 	- 	10 9 	M04 	1.91 .. 2.07
5 	1.82 	7 	m 	- 	3 15 14 	M05 	1.74 .. 1.89
6 	1.52 	19 	m 	- 	6 8 23 10 4 	M06 	1.40 .. 1.62
7 	1.30 	9 	m 	- 	14 2 3 21 20 19 	M07 	1.21 .. 1.40
8 	1.11 	15 	m 	- 	4 21 22 9 	M08 	1.03 .. 1.20
9 	1.01 	7 	s 	- 	25 	M09 	1.00 .. 1.02
10 	0.97 	4 	m 	- 	7 5 20 	M10 	0.93 .. 1.00
11 	0.91 	6 	d 	6.54 	27 	M11 	0.90 .. 0.92
12 	0.87 	6 	d 	2.10 	24 	M12 	0.86 .. 0.88
13 	0.85 	6 	d 	2.15 	28 	M13 	0.85 .. 0.86
14 	0.68 	6 	s 	- 	18 	M14 	0.66 .. 0.69


Table of Assignments

No. 	Atom 	Exp. Shift (ppm) 	Multiplet
1 	48 	5.35 	M01
2 	58 	3.52 	M02
3 	52 	2.27 	M03
4 	32 	1.98 	M04
5 	40 	1.98 	M04
6 	46 	1.82 	M05
7 	54 	1.82 	M05
8 	38 	1.82 	M05
9 	34 	1.52 	M06
10 	41 	1.52 	M06
11 	67 	1.52 	M06
12 	36 	1.52 	M06
13 	41 	1.52 	M06
14 	31 	1.30 	M07
15 	39 	1.30 	M07
16 	62 	1.30 	M07
17 	56 	1.30 	M07
18 	42 	1.30 	M07
19 	47 	1.30 	M07
20 	33 	1.11 	M08
21 	65 	1.11 	M08
22 	63 	1.11 	M08
23 	35 	1.11 	M08
24 	49 	1.01 	M09
25 	57 	0.97 	M10
26 	28 	0.97 	M10
27 	30 	0.97 	M10
28 	59 	0.91 	M11
29 	68 	0.87 	M12
30 	71 	0.85 	M13
31 	43 	0.68 	M14
