Table of Peaks
No.	(ppm)	(Hz)	Height
1	3.59	2152.7	0.4630
2	3.60	2158.6	0.5233
3	3.61	2164.5	0.7074
4	3.62	2170.4	0.7776
5	3.66	2197.3	0.8199
6	3.67	2202.0	0.9202
7	3.68	2209.1	0.4997
8	3.69	2213.8	0.5222
9	3.76	2253.3	0.2195
10	3.76	2257.7	0.0669
11	3.77	2259.2	0.2897
12	3.77	2260.1	0.2775
13	3.78	2264.3	0.4836
14	3.78	2266.0	0.3873
15	3.79	2270.3	0.5954
16	3.79	2271.1	0.6501
17	3.80	2277.0	0.4347
18	3.81	2283.7	0.4126
19	3.81	2287.9	0.5543
20	3.82	2290.4	0.4508
21	3.83	2294.6	0.6982
22	3.83	2298.9	0.3077
23	3.84	2301.4	0.1317
24	3.84	2302.5	0.1903
25	3.84	2303.6	0.2487
26	3.84	2305.5	0.3793
27	3.85	2307.2	0.3873
28	3.85	2308.5	0.5230
29	3.85	2311.5	0.2228
30	3.86	2313.0	0.5945
31	3.86	2314.2	0.3993
32	3.86	2317.3	0.2963
33	3.87	2318.9	0.3058
34	3.87	2323.3	0.1128

Table of Multiplets
No.	Shift1 (ppm)	Hs	Type	J (Hz)	Atom1	Multiplet1	 (ppm)
1	3.61	1	dd	11.80 5.95	9	M03	3.58 .. 3.63
2	3.67	1	dd	11.80 4.63	9	M02	3.66 .. 3.70
3	3.82	5	m	-	3 4	M01	3.75 .. 3.88

Table of Assignments
No.	Atom	Exp. Shift (ppm)	Multiplet
1	13	3.61	M03
2	14	3.67	M02
3	11	3.82	M01
4	10	3.82	M01
