Table of Peaks
No.	(ppm)	Height
1	1.79	0.0590
2	1.81	0.0847
3	1.83	0.0639
4	1.91	0.1872
5	2.05	1.0000
6	2.20	0.0607
7	2.21	0.0689
8	2.22	0.0613
9	2.23	0.0576
10	3.51	0.1089
11	3.52	0.1273
12	3.60	0.0648
13	3.61	0.0745
14	3.62	0.0743
15	3.63	0.0833
16	3.74	0.0469
17	3.74	0.0564
18	3.75	0.0471
19	3.75	0.0847
20	3.76	0.0547
21	3.76	0.0383
22	3.77	0.0422
23	3.83	0.0835
24	3.83	0.0809
25	3.85	0.0818
26	3.85	0.0697
27	3.87	0.0237
28	3.89	0.0667
29	3.91	0.0805
30	3.92	0.0394
31	3.97	0.1530
32	3.98	0.0936
33	4.01	0.0412
34	4.02	0.0466
35	4.03	0.0557
36	4.04	0.0506
37	4.05	0.0336
38	4.06	0.0309

Table of Multiplets
No.	Shift1 (ppm)	Hs	Type	J (Hz)		Atom1	Multiplet1	 (ppm)
1	1.82		1	t	-		5	M10		1.78 .. 1.84
2	2.05		3	s	-		18	M09		2.04 .. 2.07
3	2.21		1	dd	12.96 4.92	5	M08		2.18 .. 2.25
4	3.52		1	d	9.08		7	M07		3.49 .. 3.54
5	3.61		1	dd	11.86 6.46	20	M06		3.58 .. 3.65
6	3.75		1	m	-		16	M05		3.72 .. 3.79
7	3.84		1	dd	11.86 2.67	20	M04		3.82 .. 3.86
8	3.90		1	q	9.98		3	M03		3.87 .. 3.94
9	3.98		1	d	-		2	M02		3.95 .. 4.00
10	4.03		1	m	-		4	M01		4.00 .. 4.07

Table of Assignments
No.	Atom	Exp. Shift (ppm)	Multiplet
1	24	1.82		M10
2	35	2.05		M09
3	25	2.21		M08
4	26	3.52		M07
5	30	3.61		M06
6	27	3.75		M05
7	31	3.84		M04
8	21	3.90		M03
9	22	3.98		M02
10	23	4.03		M01

