Table of Peaks
No. 	(ppm) 	(Hz) 	Height
1 	2.003 	1001.0 	0.3077 	
2 	2.017 	1008.2 	0.7263 	
3 	2.033 	1016.0 	1.4505 	
4 	2.047 	1023.1 	1.8081 	
5 	2.063 	1031.0 	1.7653 	
6 	2.077 	1038.1 	0.8575 	
7 	2.084 	1041.8 	0.7191 	
8 	2.094 	1046.5 	0.7917 	
9 	2.100 	1049.4 	1.4215 	
10 	2.109 	1054.2 	1.5218 	
11 	2.115 	1056.9 	1.2281 	
12 	2.124 	1061.7 	1.1835 	
13 	2.129 	1064.1 	0.8699 	
14 	2.139 	1068.9 	0.7392 	
15 	2.144 	1071.8 	0.5048 	
16 	2.154 	1076.5 	0.4350 	
17 	2.292 	1145.5 	0.1828 	
18 	2.306 	1152.4 	0.2756 	
19 	2.324 	1161.5 	2.7359 	
20 	2.327 	1163.2 	2.8794 	
21 	2.339 	1169.1 	3.7999 	
22 	2.343 	1170.9 	4.0000 	
23 	2.353 	1176.1 	2.1362 	
24 	2.359 	1179.0 	2.2344 	
25 	2.375 	1187.3 	0.3174 	
26 	2.390 	1194.8 	0.1625 	
27 	3.736 	1867.3 	2.1797 	
28 	3.745 	1871.9 	2.4814 	
29 	3.750 	1874.4 	2.4463 	
30 	3.760 	1879.2 	2.1459 	


Table of Multiplets
No. 	Shift1 (ppm) 	Hs 	Type 	J (Hz) 	Atom1 	Multiplet1 	 (ppm)
1 	2.040 	19 	m 	- 	6 	M04 	1.993 .. 2.080
2 	2.119 	20 	m 	- 	6 	M03 	2.081 .. 2.166
3 	2.341 	39 	m 	- 	7 	M02 	2.281 .. 2.397
4 	3.748 	18 	dd 	7.186 4.724 	4 	M01 	3.718 .. 3.775


Table of Assignments
No. 	Atom 	Exp. Shift (ppm) 	Multiplet
1 	10 	2.040 	M04
2 	11 	2.119 	M03
3 	13 	2.341 	M02
4 	12 	3.748 	M01
