Table of Peaks

No. 	(ppm) 	(Hz) 	Height
1 	6.89 	3446.0 	0.8387 	
2 	6.88 	3437.9 	1.0000 	
3 	6.82 	3407.8 	0.7868 	
4 	6.81 	3405.7 	0.8785 	
5 	6.73 	3364.3 	0.4432 	
6 	6.73 	3362.2 	0.4158 	
7 	6.71 	3356.2 	0.3573 	
8 	6.71 	3354.1 	0.3411 	
9 	3.93 	1965.4 	0.2833 	
10 	3.92 	1960.4 	0.3358 	
11 	3.92 	1957.5 	0.3544 	
12 	3.91 	1952.5 	0.3093 	
13 	3.16 	1581.6 	0.2001 	
14 	3.15 	1576.5 	0.2060 	
15 	3.13 	1566.9 	0.3008 	
16 	3.12 	1561.9 	0.2878 	
17 	3.00 	1501.4 	0.3111 	
18 	2.99 	1493.5 	0.3143 	
19 	2.97 	1486.7 	0.2395 	
20 	2.96 	1478.9 	0.2222 	
21 	0.00 	0.0 	0.2196 	


Table of Multiplets
No. 	Shift1 (ppm) 	Hs 	Type 	J (Hz) 	Atom1 	Multiplet1 	 (ppm)
1 	6.89 	1 	d 	8.08 	3 	M01 	6.86 .. 6.91
2 	6.82 	1 	d 	2.10 	6 	M02 	6.80 .. 6.84
3 	6.72 	1 	dd 	8.10 2.10 	4 	M03 	6.70 .. 6.74
4 	3.92 	2 	dd 	7.86 5.04 	10 	M04 	3.88 .. 3.95
5 	3.14 	1 	dd 	14.65 5.04 	9 	M05 	3.10 .. 3.19
6 	2.98 	1 	dd 	14.65 7.86 	9 	M06 	2.94 .. 3.02


Table of Assignments
No. 	Atom 	Exp. Shift (ppm) 	Multiplet
1 	19 	6.89 	M01
2 	17 	6.82 	M02
3 	18 	6.72 	M03
4 	15 	3.92 	M04
5 	13 	3.14 	M05
6 	14 	2.98 	M06
