Table of Peaks
No.	(ppm)	(Hz)	Height
1	1.98	988.3	0.1209
2	1.99	994.4	0.2262
3	1.99	995.8	0.1655
4	2.00	1000.1	0.1717
5	2.00	1001.9	0.2495
6	2.01	1003.2	0.2423
7	2.02	1007.7	0.2015
8	2.02	1009.4	0.3485
9	2.02	1010.7	0.2497
10	2.03	1015.0	0.2453
11	2.03	1016.9	0.3346
12	2.05	1022.5	0.1957
13	2.11	1056.8	0.1922
14	2.12	1061.7	0.2407
15	2.13	1062.7	0.2948
16	2.13	1063.8	0.2507
17	2.14	1067.6	0.2754
18	2.14	1068.7	0.2859
19	2.14	1069.8	0.2712
20	2.14	1071.7	0.1670
21	2.15	1074.7	0.2185
22	2.15	1076.6	0.1783
23	2.16	1077.7	0.2075
24	2.16	1078.8	0.1737
25	2.17	1082.6	0.1672
26	2.17	1083.6	0.1759
27	2.17	1084.8	0.1625
28	2.18	1089.7	0.1246
29	3.73	1866.3	0.0810
30	3.75	1871.9	0.1050
31	3.75	1873.4	0.0858
32	3.76	1877.6	0.4693
33	3.77	1882.4	0.6426
34	3.77	1883.1	0.6796
35	3.77	1884.7	0.5554
36	3.78	1888.4	1.0000
37	3.78	1890.3	0.5106
38	3.79	1894.5	0.4921
39	3.80	1899.8	0.1721
40	3.81	1905.8	0.0753
41	3.83	1915.9	0.5399
42	3.84	1920.7	0.5836
43	3.85	1923.5	0.5721
44	3.86	1928.3	0.5056

Table of Multiplets
No.	Shift1 (ppm)	Hs	Type	J (Hz)	Atom1	Multiplet1	 (ppm)
1	2.01	2	m	14.92 7.53 5.88	3	M04	1.97 .. 2.05
2	2.16	1	m	14.92 5.98 4.88	3	M03	2.11 .. 2.19
3	3.77	2	m	5.58	2	M02	3.73 .. 3.82
4	3.85	1	dd	7.56 4.81	4	M01	3.82 .. 3.87

Table of Assignments
No.	Atom	Exp. Shift (ppm)	Multiplet
1	6	2.01	M04
2	7	2.16	M03
3	4	3.77	M02
4	8	3.85	M01
