Table of Peaks
No. 	(ppm) 	(Hz) 	Height
1 	2.96 	1478.9 	0.2702 	
2 	2.97 	1486.7 	0.2864 	
3 	2.99 	1493.5 	0.3841 	
4 	3.00 	1501.4 	0.3872 	
5 	3.12 	1561.8 	0.3692 	
6 	3.13 	1566.8 	0.3871 	
7 	3.15 	1576.5 	0.2717 	
8 	3.16 	1581.5 	0.2678 	
9 	3.91 	1952.5 	0.3763 	
10 	3.92 	1957.6 	0.4387 	
11 	3.92 	1960.3 	0.4234 	
12 	3.93 	1965.3 	0.3512 	
13 	6.71 	3354.2 	0.4097 	
14 	6.71 	3356.0 	0.4333 	
15 	6.73 	3362.3 	0.4902 	
16 	6.73 	3364.1 	0.5056 	
17 	6.81 	3405.7 	1.0000 	
18 	6.82 	3407.6 	0.9310 	
19 	6.88 	3437.8 	0.9214 	
20 	6.89 	3445.9 	0.7502 	

Table of Multiplets
No. 	Shift1 (ppm) 	Hs 	Type 	J (Hz) 	Atom1 	Multiplet1 	 (ppm)
1 	6.89 	2 	d 	8.10 	3 	M01 	6.86 .. 6.90
2 	6.82 	2 	d 	1.83 	6 	M02 	6.80 .. 6.83
3 	6.72 	2 	dd 	8.10 1.83 	4 	M03 	6.70 .. 6.74
4 	3.92 	2 	dd 	7.78 5.08 	10 	M04 	3.89 .. 3.94
5 	3.14 	2 	dd 	14.64 4.99 	9 	M05 	3.11 .. 3.18
6 	2.98 	2 	dd 	14.64 7.87 	9 	M06 	2.95 .. 3.01

Table of Assignments
No. 	Atom 	Exp. Shift (ppm) 	Multiplet
1 	14 	2.98 	M06
2 	15 	3.14 	M05
3 	16 	3.92 	M04
4 	18 	6.72 	M03
5 	17 	6.82 	M02
6 	19 	6.89 	M01
