Table of Peaks
No.	(ppm)	Height
1	1.53	0.0178
2	1.54	0.0321
3	1.54	0.0334
4	1.55	0.0623
5	1.56	0.1385
6	1.56	0.0885
7	1.58	0.1850
8	1.58	0.1208
9	1.59	0.0812
10	1.60	0.1494
11	1.60	0.0827
12	1.61	0.0771
13	1.62	0.1072
14	1.62	0.1650
15	1.63	0.1228
16	1.63	0.1269
17	1.64	0.1880
18	1.64	0.2346
19	1.65	0.2230
20	1.65	0.1554
21	1.66	0.2426
22	1.67	0.2090
23	1.67	0.0575
24	1.68	0.0804
25	1.69	0.0692
26	1.83	0.0954
27	1.83	0.1545
28	1.83	0.1458
29	1.84	0.1273
30	1.84	0.1158
31	1.84	0.0708
32	1.85	0.0694
33	1.86	0.2413
34	1.86	0.2673
35	1.87	0.1125
36	1.88	0.1101
37	1.88	0.1013
38	1.88	0.1293
39	1.88	0.1282
40	1.89	0.0849
41	2.19	0.1319
42	2.19	0.1377
43	2.19	0.1425
44	2.20	0.1362
45	2.20	0.0592
46	2.21	0.1255
47	2.22	0.1288
48	2.22	0.1166
49	2.97	0.1347
50	2.97	0.1659
51	2.99	0.2791
52	2.99	0.3037
53	3.01	0.1850
54	3.02	0.1634
55	3.38	0.0936
56	3.39	0.2124
57	3.39	0.1214
58	3.40	0.1110
59	3.40	0.0844
60	3.41	0.0992
61	3.41	0.1945
62	3.41	0.1115
63	3.42	0.0971
64	3.56	0.3406
65	3.56	0.3407
66	3.58	0.3627
67	3.58	0.3238

Table of Multiplets
No.	Shift1 (ppm)	Hs	Type	J (Hz)		Atom1		Multiplet1	 (ppm)
1	1.62		3	m	-		4 3 5		M06		1.51 .. 1.71
2	1.85		2	m	-		3 4		M05		1.80 .. 1.92
3	2.20		1	m	-		5		M04		2.15 .. 2.25
4	2.99		1	td	12.48 3.22	2		M03		2.95 .. 3.04
5	3.40		1	m	-		2		M02		3.36 .. 3.44
6	3.57		1	dd	11.66 3.52	6		M01		3.54 .. 3.61

Table of Assignments
No.	Atom	Exp. Shift (ppm)	Multiplet
1	6	1.62		M06
2	4	1.62		M06
3	9	1.62		M06
4	5	1.85		M05
5	7	1.85		M05
6	10	2.20		M04
7	2	2.99		M03
8	3	3.40		M02
9	8	3.57		M01

