Table of Peaks
No. 	(ppm) 	(Hz) 	Height
1 	0.874 	524.0 	1.8908 	
2 	0.886 	531.5 	4.0000 	
3 	0.899 	538.9 	2.0099 	
4 	1.605 	962.6 	0.0571 	
5 	1.617 	969.8 	0.2113 	
6 	1.629 	976.9 	0.3718 	
7 	1.641 	984.0 	0.5440 	
8 	1.653 	991.2 	0.5260 	
9 	1.664 	998.2 	0.3262 	
10 	1.677 	1005.6 	0.0969 	
11 	1.694 	1016.0 	0.1063 	
12 	1.702 	1020.6 	0.1178 	
13 	1.707 	1023.6 	0.3002 	
14 	1.714 	1028.0 	0.3215 	
15 	1.719 	1031.0 	0.3298 	
16 	1.727 	1035.5 	0.3617 	
17 	1.730 	1037.8 	0.2550 	
18 	1.738 	1042.4 	0.2404 	
19 	1.743 	1045.2 	0.2016 	
20 	1.750 	1049.7 	0.1795 	
21 	1.755 	1052.5 	0.1014 	
22 	1.763 	1057.2 	0.0644 	
23 	1.767 	1059.9 	0.0245 	
24 	1.772 	1062.7 	0.0140 	
25 	3.981 	2387.6 	0.6235 	
26 	3.989 	2392.1 	0.6812 	
27 	3.992 	2394.1 	0.6159 	
28 	4.000 	2398.6 	0.5175 	


Table of Multiplets
No. 	Shift1 (ppm) 	Hs 	Type 	J (Hz) 	Atom1 	Multiplet1 	 (ppm)
1 	0.886 	34 	t 	7.470 	4 	M04 	0.858 .. 0.911
2 	1.641 	12 	m 	- 	3 	M03 	1.598 .. 1.684
3 	1.734 	13 	m 	- 	3 	M02 	1.688 .. 1.776
4 	3.990 	13 	dd 	6.560 4.520 	2 	M01 	3.965 .. 4.008


Table of Assignments
No. 	Atom 	Exp. Shift (ppm) 	Multiplet
1 	10 	0.886 	M04
2 	7 	1.641 	M03
3 	8 	1.734 	M02
4 	9 	3.990 	M01
