Table of Peaks
No. 	(ppm) 	(Hz) 	Height
1 	1.55 	777.0 	0.4786 	
2 	1.56 	780.2 	0.4089 	
3 	1.57 	786.3 	0.5406 	
4 	1.58 	789.0 	0.6983 	
5 	1.58 	791.8 	0.5578 	
6 	1.60 	801.3 	0.8496 	
7 	1.61 	805.8 	0.7236 	
8 	1.62 	808.5 	0.6833 	
9 	1.63 	814.0 	0.7198 	
10 	1.63 	817.2 	0.8936 	
11 	1.64 	819.9 	0.9695 	
12 	1.65 	822.5 	0.7435 	
13 	1.65 	824.5 	0.6691 	
14 	1.66 	828.6 	0.7551 	
15 	1.66 	831.4 	0.8165 	
16 	1.67 	834.2 	0.7047 	
17 	1.68 	840.8 	0.3650 	
18 	1.69 	842.9 	0.3593 	
19 	1.69 	845.8 	0.3284 	
20 	1.83 	916.0 	0.6511 	
21 	1.84 	919.2 	0.6334 	
22 	1.86 	931.8 	1.0000 	
23 	1.88 	941.1 	0.5845 	
24 	1.89 	945.0 	0.5751 	
25 	2.20 	1097.8 	0.5437 	
26 	2.22 	1109.8 	0.5000 	
27 	2.22 	1112.1 	0.4804 	
28 	2.96 	1481.7 	0.3587 	
29 	2.97 	1484.8 	0.4272 	
30 	2.99 	1494.1 	0.6882 	
31 	3.00 	1497.2 	0.6876 	
32 	3.01 	1506.5 	0.4786 	
33 	3.02 	1509.6 	0.3834 	
34 	3.39 	1692.8 	0.5826 	
35 	3.41 	1705.5 	0.5576 	
36 	3.55 	1775.8 	0.5311 	
37 	3.56 	1779.3 	0.5257 	
38 	3.58 	1787.5 	0.6048 	
39 	3.58 	1790.8 	0.4842 	

Table of Multiplets
No. 	Shift1 (ppm) 	Hs 	Type 	J (Hz) 	Atom1 	Multiplet1 	 (ppm)
1 	3.57 	1 	dd 	11.58 3.43 	6 	M01 	3.49 .. 3.62
2 	3.40 	1 	d 	12.72 	2 	M02 	3.34 .. 3.45
3 	2.21 	1 	m 	- 	5 	M06 	2.17 .. 2.30
4 	2.99 	1 	td 	12.40 3.11 	3 	M03 	2.89 .. 3.08
5 	1.86 	2 	m 	- 	3 4 	M04 	1.79 .. 1.95
6 	1.63 	4 	m 	- 	5 3 4 	M05 	1.49 .. 1.75

Table of Assignments
No. 	Atom 	Exp. Shift (ppm) 	Multiplet
1 	9 	1.63 	M05
2 	14 	1.63 	M05
3 	12 	1.63 	M05
4 	15 	1.86 	M04
5 	13 	1.86 	M04
6 	10 	2.21 	M06
7 	16 	2.99 	M03
8 	17 	3.40 	M02
9 	11 	3.57 	M01
