Table of Peaks
No. 	(ppm) 	(Hz) 	Height
1 	2.12 	1058.6 	0.0779 	
2 	2.13 	1066.4 	0.1462 	
3 	2.15 	1073.2 	0.2893 	
4 	2.16 	1080.9 	0.5276 	
5 	2.18 	1088.3 	0.6855 	
6 	2.19 	1095.5 	0.5449 	
7 	2.21 	1103.1 	0.2693 	
8 	2.22 	1110.6 	0.1293 	
9 	2.24 	1117.6 	0.0667 	
10 	2.53 	1263.1 	0.6665 	
11 	2.54 	1270.2 	0.9777 	
12 	2.56 	1277.4 	0.4808 	
13 	2.92 	1461.7 	0.1501 	
14 	2.94 	1468.4 	0.1885 	
15 	2.95 	1475.7 	0.6310 	
16 	2.97 	1482.4 	1.0000 	
17 	2.98 	1487.1 	0.6242 	
18 	2.99 	1496.6 	0.1631 	
19 	3.00 	1501.5 	0.1146 	
20 	3.83 	1916.1 	0.3329 	
21 	3.85 	1922.2 	0.5273 	
22 	3.86 	1928.4 	0.2613 	
23 	4.53 	2266.0 	0.0759 	
24 	4.54 	2270.0 	0.0538 	
25 	4.56 	2276.8 	0.0778 	

Table of Multiplets
No. 	Shift1 (ppm) 	Hs 	Type 	J (Hz) 	Atom1 	Multiplet1 	 (ppm)
1 	4.54 	1 	m 	- 	3 	M01 	4.52 .. 4.57
2 	3.85 	2 	t 	6.15 	11 	M02 	3.82 .. 3.87
3 	2.54 	5 	t 	7.14 	9 	M04 	2.51 .. 2.57
4 	2.96 	6 	m 	- 	2 	M03 	2.92 .. 3.01
5 	2.18 	6 	m 	- 	10 	M05 	2.11 .. 2.24

Table of Assignments
No. 	Atom 	Exp. Shift (ppm) 	Multiplet
1 	10 	2.18 	M05
2 	9 	2.54 	M04
3 	2 	2.96 	M03
4 	11 	3.85 	M02
5 	3 	4.54 	M01
