Table of Peaks
No. 	(ppm) 	(Hz) 	Height
1 	0.69 	342.9 	0.9108 	
2 	0.87 	432.4 	0.7477 	
3 	0.87 	434.5 	0.7829 	
4 	0.88 	439.0 	0.8076 	
5 	0.88 	441.1 	0.7846 	
6 	0.90 	450.0 	0.1762 	
7 	0.92 	458.5 	0.4302 	
8 	0.93 	465.0 	0.4714 	
9 	0.95 	476.8 	0.0830 	
10 	0.96 	482.1 	0.1118 	
11 	0.97 	485.4 	0.1490 	
12 	0.98 	488.0 	0.1332 	
13 	0.99 	492.9 	0.2697 	
14 	1.00 	500.3 	0.1765 	
15 	1.01 	506.3 	0.1550 	
16 	1.03 	514.1 	1.0000 	
17 	1.06 	527.6 	0.0665 	
18 	1.07 	533.9 	0.0748 	
19 	1.08 	540.0 	0.0704 	
20 	1.09 	546.0 	0.1586 	
21 	1.11 	555.4 	0.1925 	
22 	1.12 	561.6 	0.1638 	
23 	1.13 	565.0 	0.1647 	
24 	1.14 	569.9 	0.1876 	
25 	1.15 	573.9 	0.1943 	
26 	1.17 	583.8 	0.1595 	
27 	1.18 	587.7 	0.1255 	
28 	1.19 	596.5 	0.0603 	
29 	1.20 	600.9 	0.0541 	
30 	1.26 	631.2 	0.6463 	
31 	1.28 	638.1 	0.4015 	
32 	1.31 	655.9 	0.6670 	
33 	1.34 	668.5 	0.3471 	
34 	1.35 	676.6 	0.2573 	
35 	1.38 	689.7 	0.1244 	
36 	1.44 	719.9 	0.0917 	
37 	1.45 	724.5 	0.0993 	
38 	1.46 	730.4 	0.0796 	
39 	1.47 	734.8 	0.1065 	
40 	1.49 	746.0 	0.1135 	
41 	1.50 	749.9 	0.1309 	
42 	1.51 	756.5 	0.1441 	
43 	1.53 	762.8 	0.1255 	
44 	1.54 	769.6 	0.1079 	
45 	1.55 	776.5 	0.1320 	
46 	1.57 	786.3 	0.1495 	
47 	1.60 	797.4 	0.1371 	
48 	1.60 	801.8 	0.1672 	
49 	1.62 	809.1 	0.1571 	
50 	1.63 	815.8 	0.1092 	
51 	1.80 	900.6 	0.0206 	
52 	1.81 	907.0 	0.0297 	
53 	1.82 	910.2 	0.0445 	
54 	1.83 	916.7 	0.0831 	
55 	1.85 	922.5 	0.1283 	
56 	1.85 	925.7 	0.1643 	
57 	1.86 	929.3 	0.1005 	
58 	1.87 	935.8 	0.1127 	
59 	1.88 	939.4 	0.0855 	
60 	1.95 	975.5 	0.0379 	
61 	1.96 	979.8 	0.0655 	
62 	1.97 	985.0 	0.0433 	
63 	2.00 	998.9 	0.1221 	
64 	2.00 	1002.0 	0.1421 	
65 	2.01 	1005.7 	0.1397 	
66 	2.02 	1011.9 	0.1379 	
67 	2.03 	1014.3 	0.1299 	
68 	2.04 	1018.1 	0.1185 	
69 	2.05 	1025.9 	0.1268 	
70 	2.07 	1032.8 	0.1246 	
71 	2.09 	1044.0 	0.0641 	
72 	2.10 	1051.4 	0.0396 	
73 	2.12 	1058.8 	0.0104 	
74 	2.26 	1129.1 	0.1785 	
75 	2.27 	1136.6 	0.2997 	
76 	2.29 	1144.2 	0.1587 	
77 	2.31 	1155.1 	0.1513 	
78 	2.33 	1162.5 	0.1908 	
79 	2.77 	1382.9 	0.0494 	
80 	2.78 	1389.8 	0.0665 	
81 	2.79 	1396.9 	0.0526 	
82 	2.81 	1402.3 	0.0797 	
83 	2.82 	1407.6 	0.1085 	
84 	2.83 	1413.4 	0.0630 	
85 	4.59 	2294.5 	0.0020 	
86 	4.60 	2298.6 	0.0035 	
87 	4.61 	2305.2 	0.0059 	
88 	4.62 	2310.1 	0.0066 	
89 	4.63 	2314.7 	0.0060 	
90 	4.65 	2321.8 	0.0039 	
91 	4.65 	2326.1 	0.0018 	
92 	5.37 	2685.5 	0.0284 	
93 	5.38 	2691.5 	0.0303 	

Table of Multiplets
No. 	Shift1 (ppm) 	Hs 	Type 	J (Hz) 	Atom1 	Multiplet1 	 (ppm)
1 	0.69 	3 	s 	- 	22 	M01 	0.67 .. 0.71
2 	0.87 	7 	dd 	6.58 2.12 	47 28 	M03 	0.86 .. 0.89
3 	0.92 	4 	m 	- 	45 	M07 	0.90 .. 0.94
4 	0.98 	4 	m 	- 	5 46 	M08 	0.95 .. 1.02
5 	1.03 	4 	s 	- 	21 	M02 	1.02 .. 1.04
6 	1.13 	8 	m 	- 	9 7 26 17 25 3 	M15 	1.05 .. 1.21
7 	1.32 	21 	m 	- 	42 43 34 33 32 44 24 25 31 23 	M14 	1.24 .. 1.39
8 	1.53 	10 	m 	- 	6 27 15 16 2 11 30 	M13 	1.43 .. 1.66
9 	1.84 	3 	m 	- 	10 2 3 	M10 	1.80 .. 1.90
10 	2.03 	6 	m 	- 	17 35 41 	M11 	1.94 .. 2.13
11 	2.27 	2 	t 	7.53 	29 	M06 	2.25 .. 2.30
12 	2.32 	2 	d 	7.32 	12 	M05 	2.29 .. 2.35
13 	2.80 	2 	m 	- 	38 	M04 	2.73 .. 2.84
14 	4.62 	1 	m 	- 	1 	M12 	4.58 .. 4.66
15 	5.38 	1 	d 	6.02 	14 40 39 37 36 	M09 	5.33 .. 5.44

Table of Assignments
No. 	Atom 	Exp. Shift (ppm) 	Multiplet
1 	22 	0.69 	M01
2 	47 	0.87 	M03
3 	28 	0.87 	M03
4 	45 	0.92 	M07
5 	5 	0.98 	M08
6 	46 	0.98 	M08
7 	21 	1.03 	M02
8 	9 	1.13 	M15
9 	7 	1.13 	M15
10 	26 	1.13 	M15
11 	17 	1.13 	M15
12 	25 	1.13 	M15
13 	3 	1.13 	M15
14 	42 	1.32 	M14
15 	43 	1.32 	M14
16 	34 	1.32 	M14
17 	33 	1.32 	M14
18 	32 	1.32 	M14
19 	44 	1.32 	M14
20 	24 	1.32 	M14
21 	25 	1.32 	M14
22 	31 	1.32 	M14
23 	23 	1.32 	M14
24 	6 	1.53 	M13
25 	27 	1.53 	M13
26 	15 	1.53 	M13
27 	16 	1.53 	M13
28 	2 	1.53 	M13
29 	11 	1.53 	M13
30 	30 	1.53 	M13
31 	10 	1.84 	M10
32 	2 	1.84 	M10
33 	3 	1.84 	M10
34 	17 	2.03 	M11
35 	35 	2.03 	M11
36 	41 	2.03 	M11
37 	29 	2.27 	M06
38 	12 	2.32 	M05
39 	38 	2.80 	M04
40 	1 	4.62 	M12
41 	14 	5.38 	M09
42 	40 	5.38 	M09
43 	39 	5.38 	M09
44 	37 	5.38 	M09
45 	36 	5.38 	M09
