Table of Peaks
No.	(ppm)	(Hz)	Height
1	3.26	1952.5	0.4009
2	3.27	1960.4	0.4901
3	3.27	1961.7	0.5270
4	3.28	1969.7	0.4776
5	3.47	2083.5	0.4162
6	3.48	2089.9	0.1257
7	3.49	2092.8	0.9626
8	3.50	2096.2	0.1367
9	3.50	2099.5	0.1990
10	3.51	2102.1	0.7540
11	3.51	2105.8	0.2063
12	3.55	2126.7	0.7093
13	3.55	2129.4	0.2935
14	3.55	2131.8	0.2647
15	3.56	2133.3	0.3184
16	3.56	2136.0	0.5715
17	3.57	2139.2	0.3763
18	3.57	2141.4	0.4637
19	3.57	2143.0	0.3941
20	3.58	2145.5	0.2927
21	3.59	2151.1	0.3025
22	3.70	2217.2	0.3069
23	3.71	2226.7	0.4413
24	3.73	2236.3	0.1990
25	3.87	2318.7	0.1089
26	3.87	2320.7	0.0990
27	3.88	2327.6	0.0953
28	3.90	2340.9	0.0986
29	3.91	2343.0	0.0839
30	3.91	2345.9	0.0978
31	3.92	2348.0	0.0851
32	3.92	2352.8	0.1337
33	3.93	2354.9	0.1158
34	3.93	2357.9	0.1323
35	3.94	2359.9	0.1101
36	3.98	2387.1	0.4562
37	3.99	2390.2	0.5912
38	3.99	2393.2	0.5732
39	4.00	2396.4	0.5906
40	4.02	2408.9	0.1185
41	4.02	2412.9	0.1158
42	4.03	2415.8	0.1221
43	4.03	2419.9	0.1353
44	4.04	2424.8	0.0808
45	4.05	2427.6	0.0894
46	4.05	2431.7	0.0777
47	4.63	2776.4	0.7257
48	4.64	2784.4	0.7267
49	5.22	3128.6	0.4271
50	5.22	3132.4	0.4100

Table of Multiplets
No.	Shift1 (ppm)	Hs	Type	J (Hz)	Atom1	Multiplet1	 (ppm)
1	3.27	2	dd	9.21 7.99	3	M10	3.24 .. 3.29
2	3.50	2	d	9.32	5 4	M09	3.46 .. 3.52
3	3.56	2	ddd	9.63 4.01 2.45	11	M08	3.54 .. 3.59
4	3.71	1	t	9.54	4	M07	3.69 .. 3.74
5	3.87	1	ddd	9.81 3.86 2.04	6	M06	3.85 .. 3.89
6	3.92	1	ddd	11.91 5.07 2.09	6	M05	3.90 .. 3.94
7	3.99	2	dd	6.23 3.14	5 3	M04	3.97 .. 4.01
8	4.03	1	m	11.80 6.95 4.02	11	M03	4.01 .. 4.06
9	4.64	1	d	7.99	2	M02	4.62 .. 4.65
10	5.22	1	d	3.75	2	M01	5.21 .. 5.23

Table of Assignments
No.	Atom	Exp. Shift (ppm)	Multiplet
1	3	3.27	M10
2	5	3.50	M09
3	4	3.50	M09
4	11	3.56	M08
5	4	3.71	M07
6	6	3.87	M06
7	6	3.92	M05
8	5	3.99	M04
9	3	3.99	M04
10	11	4.03	M03
11	2	4.64	M02
12	2	5.22	M01
