Tables of Peaks

No. 	(ppm) 	(Hz) 	Height
1 	4.04 	2423.4 	0.1427 	
2 	4.04 	2419.1 	0.1598 	
3 	4.03 	2416.2 	0.1638 	
4 	4.02 	2411.9 	0.1429 	
5 	1.75 	1047.3 	0.0171 	
6 	1.74 	1042.9 	0.0273 	
7 	1.73 	1037.2 	0.0407 	
8 	1.72 	1033.1 	0.0673 	
9 	1.72 	1028.9 	0.0579 	
10 	1.71 	1023.4 	0.0686 	
11 	1.70 	1019.0 	0.0646 	
12 	1.69 	1013.5 	0.0271 	
13 	1.66 	992.5 	0.0243 	
14 	1.65 	987.7 	0.0470 	
15 	1.64 	985.3 	0.0387 	
16 	1.64 	980.4 	0.0614 	
17 	1.63 	978.1 	0.0636 	
18 	1.63 	974.1 	0.0457 	
19 	1.62 	970.8 	0.0573 	
20 	1.61 	966.6 	0.0412 	
21 	1.61 	964.0 	0.0287 	
22 	1.60 	959.3 	0.0173 	
23 	1.60 	956.7 	0.0201 	
24 	1.39 	832.0 	0.0238 	
25 	1.38 	826.6 	0.0509 	
26 	1.37 	820.6 	0.0578 	
27 	1.36 	816.5 	0.0859 	
28 	1.35 	810.7 	0.1231 	
29 	1.35 	808.1 	0.0891 	
30 	1.34 	803.7 	0.1684 	
31 	1.33 	796.0 	0.1888 	
32 	1.32 	788.7 	0.2005 	
33 	1.30 	781.8 	0.1099 	
34 	1.30 	777.8 	0.0705 	
35 	1.29 	776.0 	0.0709 	
36 	1.28 	769.7 	0.0541 	
37 	1.27 	764.1 	0.0208 	
38 	0.90 	541.1 	0.2786 	
39 	0.89 	534.2 	0.5468 	
40 	0.88 	527.1 	0.2447 	


Table of Multiplets

No. 	Shift1 (ppm) 	Hs 	Type 	J (Hz) 	Atom1 	Multiplet1 	 (ppm)
1 	4.03 	11 	dd 	7.20 4.28 	2 	M01 	3.97 .. 4.12
2 	1.72 	8 	m 	- 	3 	M02 	1.67 .. 1.77
3 	1.63 	8 	m 	- 	3 	M03 	1.58 .. 1.67
4 	1.33 	34 	m 	- 	5 4 	M04 	1.20 .. 1.45
5 	0.89 	24 	t 	7.00 	6 	M05 	0.77 .. 0.98


Table of Assignments

No. 	Atom 	Exp. Shift (ppm) 	Multiplet
1 	2 	4.03 	M01
2 	3 	1.72 	M02
3 	3 	1.63 	M03
4 	4 	1.33 	M04
5 	5 	1.33 	M04
6 	6 	0.89 	M05
