Table of Peaks

No. 	(ppm) 	(Hz) 	Height
1 	5.67 	2832.6 	0.0039 	
2 	5.65 	2826.2 	0.0076 	
3 	5.64 	2818.4 	0.0069 	
4 	5.62 	2811.1 	0.0095 	
5 	5.61 	2804.6 	0.0046 	
6 	5.45 	2724.3 	0.0074 	
7 	5.44 	2717.9 	0.0073 	
8 	5.42 	2709.4 	0.0056 	
9 	5.41 	2702.8 	0.0054 	
10 	4.31 	2154.6 	0.0027 	
11 	4.31 	2153.8 	0.0027 	
12 	4.31 	2153.1 	0.0027 	
13 	4.28 	2139.2 	0.0025 	
14 	4.27 	2136.6 	0.0026 	
15 	4.27 	2134.2 	0.0027 	
16 	4.12 	2057.0 	0.0037 	
17 	4.11 	2056.6 	0.0037 	
18 	4.03 	2013.1 	0.0062 	
19 	3.93 	1963.7 	0.0070 	
20 	3.93 	1963.4 	0.0070 	
21 	3.87 	1934.0 	0.0010 	
22 	3.81 	1906.7 	0.0011 	
23 	3.77 	1886.1 	0.0127 	
24 	3.54 	1767.1 	0.0173 	
25 	3.31 	1655.5 	0.1650 	
26 	2.17 	1083.3 	0.0021 	
27 	2.15 	1074.9 	0.0039 	
28 	2.12 	1061.1 	0.0121 	
29 	2.11 	1053.9 	0.0124 	
30 	2.08 	1041.0 	0.0035 	
31 	2.07 	1032.4 	0.0020 	
32 	2.02 	1011.8 	0.0014 	
33 	2.02 	1011.3 	0.0014 	
34 	2.01 	1006.0 	0.0026 	
35 	2.00 	1000.2 	0.0031 	
36 	1.96 	980.6 	0.0152 	
37 	1.95 	974.7 	0.0153 	
38 	1.53 	767.2 	0.0115 	
39 	1.52 	761.6 	0.0117 	
40 	1.43 	713.8 	0.0011 	
41 	1.42 	709.0 	0.0016 	
42 	1.41 	705.6 	0.0012 	
43 	1.41 	705.1 	0.0013 	
44 	1.40 	700.0 	0.0017 	
45 	1.37 	683.1 	0.0066 	
46 	1.31 	653.4 	0.0346 	
47 	1.29 	647.0 	0.0554 	
48 	1.28 	639.9 	0.0727 	
49 	1.25 	624.7 	1.0000 	
50 	0.89 	444.5 	0.0636 	
51 	0.88 	437.8 	0.1361 	
52 	0.86 	430.8 	0.0665 	


Table of Multiplets

No. 	Shift1 (ppm) 	Hs 	Type 	J (Hz) 	Atom1 	Multiplet1 	 (ppm)
1 	5.64 	1 	m 	- 	37 	M01 	5.56 .. 5.71
2 	5.43 	1 	dd 	15.01 6.54 	36 	M02 	5.37 .. 5.49
3 	4.29 	1 	m 	- 	9 	M03 	4.20 .. 4.37
4 	4.11 	1 	m 	- 	3 	M04 	4.08 .. 4.17
5 	4.03 	1 	m 	- 	15 	M05 	3.99 .. 4.07
6 	3.91 	1 	m 	- 	3 	M06 	3.85 .. 3.98
7 	3.79 	1 	m 	- 	4 	M07 	3.69 .. 3.85
8 	3.54 	2 	m 	- 	10 	M15 	3.48 .. 3.58
9 	3.31 	8 	s 	- 	34 12 35 	M08 	3.29 .. 3.34
10 	2.12 	2 	m 	- 	17 	M09 	2.05 .. 2.18
11 	2.00 	2 	m 	- 	38 	M10 	1.91 .. 2.04
12 	1.53 	2 	m 	- 	18 	M11 	1.47 .. 1.59
13 	1.41 	1 	m 	- 	39 	M12 	1.35 .. 1.45
14 	1.28 	65 	m 	- 	32 31 30 29 28 27 26 25 24 23 22 21 20 19 40 41 42 43 44 45 46 47 48 49 	M13 	1.19 .. 1.34
15 	0.88 	7 	t 	6.82 	50 33 	M14 	0.84 .. 0.92


Table of Assignments

No. 	Atom 	Exp. Shift (ppm) 	Multiplet
1 	37 	5.64 	M01
2 	36 	5.43 	M02
3 	9 	4.29 	M03
4 	3 	4.11 	M04
5 	15 	4.03 	M05
6 	3 	3.91 	M06
7 	4 	3.79 	M07
8 	10 	3.54 	M15
9 	35 	3.31 	M08
10 	12 	3.31 	M08
11 	34 	3.31 	M08
12 	17 	2.12 	M09
13 	38 	2.00 	M10
14 	18 	1.53 	M11
15 	39 	1.41 	M12
16 	19 	1.28 	M13
17 	40 	1.28 	M13
18 	41 	1.28 	M13
19 	42 	1.28 	M13
20 	43 	1.28 	M13
21 	44 	1.28 	M13
22 	45 	1.28 	M13
23 	46 	1.28 	M13
24 	47 	1.28 	M13
25 	48 	1.28 	M13
26 	49 	1.28 	M13
27 	20 	1.28 	M13
28 	21 	1.28 	M13
29 	22 	1.28 	M13
30 	23 	1.28 	M13
31 	24 	1.28 	M13
32 	25 	1.28 	M13
33 	26 	1.28 	M13
34 	27 	1.28 	M13
35 	28 	1.28 	M13
36 	29 	1.28 	M13
37 	30 	1.28 	M13
38 	31 	1.28 	M13
39 	32 	1.28 	M13
40 	33 	0.88 	M14
41 	50 	0.88 	M14
