Table of Peaks
No.	(ppm)	Height
1	1.08	0.1633
2	1.08	0.1142
3	1.09	0.1786
4	1.10	0.1048
5	2.74	0.0121
6	2.75	0.0141
7	2.76	0.0217
8	2.76	0.0253
9	2.77	0.0173
10	2.77	0.0145
11	2.78	0.0278
12	2.79	0.0229
13	3.11	0.0126
14	3.12	0.0344
15	3.14	0.0393
16	3.14	0.0365
17	3.14	0.0376
18	3.15	0.0439
19	3.16	0.0267
20	3.16	0.0240
21	3.16	0.0267
22	3.17	0.0261
23	3.17	0.0195
24	3.18	0.0100
25	3.20	0.0139
26	3.21	0.0333
27	3.22	0.0319
28	3.23	0.0307
29	3.25	0.0332
30	3.26	0.0424
31	3.26	0.0327
32	3.26	0.0414
33	3.28	0.0457
34	3.28	0.0385
35	3.31	0.0328
36	3.31	0.1052
37	3.34	1.0000
38	3.35	0.0298
39	3.36	0.0087
40	3.37	0.0077
41	3.38	0.0308
42	3.39	0.0302
43	3.40	0.0298
44	3.41	0.0469
45	3.42	0.0511
46	3.42	0.0465
47	3.43	0.0466
48	3.43	0.0477
49	3.44	0.0234
50	3.45	0.0107
51	3.45	0.0090
52	3.52	0.0256
53	3.54	0.0298
54	3.54	0.0297
55	3.55	0.0224
56	3.62	0.0246
57	3.62	0.0262
58	3.63	0.0310
59	3.63	0.0318
60	3.63	0.0191
61	3.64	0.0219
62	3.64	0.0172
63	3.64	0.0169
64	3.65	0.0192
65	3.65	0.0202
66	3.65	0.0148
67	3.65	0.0120
68	3.77	0.5813
69	3.79	0.0575
70	3.80	0.0377
71	4.52	0.0939
72	4.97	0.0466
73	4.98	0.0556
74	5.00	0.0285
75	5.48	0.0151
76	5.48	0.0153
77	5.49	0.0280
78	5.50	0.0310
79	5.50	0.0186
80	5.51	0.0273
81	5.52	0.0269
82	6.12	0.0594
83	6.12	0.0966
84	6.13	0.0574
85	6.13	0.0159
86	6.14	0.0851
87	6.14	0.0696
88	6.15	0.0587
89	6.15	0.0407
90	6.89	0.0192
91	6.90	0.0326
92	6.90	0.0229
93	6.91	0.0391
94	6.91	0.0639
95	6.91	0.0432
96	6.93	0.0440
97	6.93	0.1101
98	6.94	0.0867
99	6.94	0.0780
100	6.95	0.0500
101	6.96	0.0266

Table of Multiplets
No.	Shift1 (ppm)	Hs	Type	Atom1			Multiplet1	 (ppm)
1	1.09		3	dd	37			M13		1.06 .. 1.12
2	2.74		1	ddd	13			M12		2.72 .. 2.81
3	3.11		2	m	5 26			M11		3.09 .. 3.18
4	3.34		6	m	3 4 13 25 21 28	M10		3.19 .. 3.47
5	3.52		1	m	6			M09		3.51 .. 3.57
6	3.62		1	m	27			M08		3.61 .. 3.67
7	3.77		4	m	43 21			M07		3.74 .. 3.82
8	4.52		1	s	23			M06		4.50 .. 4.53
9	4.98		1	t	2			M05		4.95 .. 5.01
10	5.48		1	m	12			M04		5.47 .. 5.53
11	6.13		2	m	9 17			M03		6.10 .. 6.17
12	6.90		1	m	34			M02		6.88 .. 6.92
13	6.94		2	m	30 33			M01		6.92 .. 6.97

Table of Assignments
No.	Atom	Exp. Shift (ppm)	Multiplet
1	37	1.09			M13
2	13	2.74			M12
3	5	3.11			M11
4	26	3.11			M11
5	3	3.34			M10
6	4	3.34			M10
7	13	3.34			M10
8	25	3.34			M10
9	21	3.34			M10
10	28	3.34			M10
11	6	3.52			M09
12	27	3.62			M08
13	43	3.77			M07
14	21	3.77			M07
15	23	4.52			M06
16	2	4.98			M05
17	12	5.48			M04
18	9	6.13			M03
19	17	6.13			M03
20	34	6.90			M02
21	30	6.94			M01
22	33	6.94			M01

