Table of Peaks
No.	(ppm)	Height
1	3.52	0.0043
2	3.53	0.0064
3	3.54	0.0059
4	3.54	0.0072
5	3.55	0.0088
6	3.56	0.0055
7	3.62	0.0059
8	3.62	0.0086
9	3.63	0.0071
10	3.64	0.0055
11	3.65	0.0059
12	3.65	0.0041
13	3.88	0.0062
14	3.89	0.0163
15	3.90	0.0164
16	3.90	0.0042
17	3.90	0.0058
18	4.11	0.0062
19	4.12	0.0126
20	4.13	0.0122
21	4.13	0.0056
22	4.55	0.0037
23	4.56	0.0085
24	4.57	0.0084
25	4.58	0.0035
26	5.82	0.0247
27	5.83	0.0238
28	6.84	0.0088
29	6.85	0.0175
30	6.86	0.0096
31	7.21	0.0205
32	7.22	0.0287
33	7.23	0.0189
34	7.81	0.0311
35	7.82	0.0286
36	8.09	0.0592

Table of Multiplets
No.	Shift1 (ppm)	Hs	Type	Atom1		Multiplet1	 (ppm)
1	3.52		1	m	17		M10		3.51 .. 3.57
2	3.62		1	m	17		M09		3.61 .. 3.67
3	3.89		1	q	5		M08		3.86 .. 3.92
4	4.11		1	q	4		M07		4.09 .. 4.15
5	4.55		1	q	3		M06		4.52 .. 4.60
6	5.82		1	d	2		M05		5.79 .. 5.86
7	6.84		1	t	23		M04		6.82 .. 6.89
8	7.21		2	t	22 24		M03		7.18 .. 7.26
9	7.81		2	d	21 25		M02		7.77 .. 7.86
10	8.09		1	s	7		M01		8.06 .. 8.12

Table of Assignments
No.	Atom	Exp. Shift (ppm)	Multiplet
1	17	3.52			M10
2	17	3.62			M09
3	5	3.89			M08
4	4	4.11			M07
5	3	4.55			M06
6	2	5.82			M05
7	23	6.84			M04
8	22	7.21			M03
9	24	7.21			M03
10	21	7.81			M02
11	25	7.81			M02
12	7	8.09			M01

