Table of Peaks
No. 	(ppm) 	(Hz) 	Height
1 	2.65 	1322.1 	1.0000 	
2 	7.50 	3749.0 	0.0822 	
3 	7.51 	3754.1 	0.0937 	
4 	7.52 	3756.9 	0.0947 	
5 	7.53 	3761.8 	0.0928 	
6 	7.78 	3886.6 	0.0895 	
7 	7.78 	3888.2 	0.1171 	
8 	7.78 	3890.1 	0.0823 	
9 	7.79 	3894.5 	0.0800 	
10 	7.80 	3896.2 	0.1031 	
11 	7.80 	3898.0 	0.0688 	
12 	8.47 	4232.1 	0.1935 	
13 	8.47 	4233.9 	0.1879 	
14 	8.51 	4252.3 	0.1091 	
15 	8.51 	4253.7 	0.1049 	
16 	8.52 	4257.3 	0.1037 	
17 	8.52 	4258.6 	0.0942 	

Table of Multiplets
No. 	Shift1 (ppm) 	Hs 	Type 	J (Hz) 	Atom1 	Multiplet1 	 (ppm)
1 	1.95 	1 	m 	- 	6 	M05 	1.90 .. 2.00
2 	2.65 	3 	m 	- 	2 3 4 	M06 	2.51 .. 2.71
3 	7.51 	1 	dd 	7.84 5.02 	11 	M04 	7.49 .. 7.54
4 	7.79 	1 	td 	7.95 1.72 	12 	M03 	7.77 .. 7.81
5 	8.47 	1 	d 	1.85 	8 	M02 	8.46 .. 8.48
6 	8.51 	1 	dd 	4.93 1.38 	10 	M01 	8.50 .. 8.54

Table of Assignments
No. 	Atom 	Exp. Shift (ppm) 	Multiplet
1 	6 	1.95 	M05
2 	2 	2.65 	M06
3 	3 	2.65 	M06
4 	4 	2.65 	M06
5 	11 	7.51 	M04
6 	12 	7.79 	M03
7 	8 	8.47 	M02
8 	10 	8.51 	M01
