Table of Peaks
No.	(ppm)	Height
1	3.63	0.0461
2	3.64	0.0305
3	3.64	0.0503
4	3.65	0.0915
5	3.66	0.0473
6	3.66	0.0467
7	3.66	0.0931
8	3.68	0.0976
9	3.69	0.1031
10	3.70	0.0171
11	3.70	0.0427
12	3.71	0.0198
13	3.71	0.0224
14	3.71	0.0227
15	3.71	0.0421
16	3.84	1.0000
17	3.95	0.0406
18	3.96	0.0465
19	3.96	0.0963
20	3.97	0.0731
21	3.97	0.1096
22	3.97	0.1511
23	3.97	0.1567
24	3.98	0.0775
25	3.98	0.0540
26	3.98	0.0429
27	3.99	0.0439
28	3.99	0.0077
29	3.99	0.0172
30	4.03	0.0185
31	4.04	0.0190
32	4.04	0.0434
33	4.04	0.0522
34	4.04	0.0505
35	4.05	0.0961
36	4.06	0.0855
37	4.06	0.0361
38	4.07	0.0107
39	4.07	0.0070
40	6.87	0.0101
41	6.87	0.0278
42	6.87	0.0264
43	6.88	0.0269
44	6.88	0.0799
45	6.89	0.0711
46	6.89	0.0256
47	6.90	0.0748
48	6.90	0.0699
49	6.90	0.0190
50	6.90	0.0471
51	6.91	0.0516
52	6.92	0.0814
53	6.92	0.0821
54	6.93	0.0171
55	6.93	0.0456
56	6.93	0.0362
57	6.96	0.1160
58	6.96	0.1456
59	6.96	0.0964
60	6.97	0.0752
61	6.97	0.1016
62	6.98	0.0645

Table of Multiplets
No.	Shift1 (ppm)	Hs	Type	Atom1	Multiplet1	 (ppm)
1	3.67		2	m	13	M08		3.63 .. 3.73
2	3.84		3	s	12	M07		3.83 .. 3.85
3	3.97		2	m	8	M06		3.94 .. 4.00
4	4.04		1	m	9	M05		4.02 .. 4.07
5	6.89		1	m	5	M04		6.87 .. 6.90
6	6.91		1	m	4	M03		6.90 .. 6.94
7	6.96		1	m	3	M02		6.95 .. 6.97
8	6.97		1	m	6	M01		6.97 .. 6.98

Table of Assignments
No.	Atom	Exp. Shift (ppm)	Multiplet
1	13	3.67			M08
2	12	3.84			M07
3	8	3.97			M06
4	9	4.04			M05
5	5	6.89			M04
6	4	6.91			M03
7	3	6.96			M02
8	6	6.97			M01

