Table of Peaks
No.	(ppm)	(Hz)	Height
1	2.880	1726.16	1.0000
2	3.390	2031.83	0.0716
3	3.398	2036.85	0.0841
4	3.407	2042.01	0.0733
5	3.809	2283.26	0.0739
6	3.818	2288.42	0.0810
7	3.826	2293.41	0.0646
8	5.613	3364.35	0.1255
9	7.352	4406.49	0.0252
10	7.354	4407.67	0.0426
11	7.356	4408.96	0.0284
12	7.363	4412.96	0.0386
13	7.366	4414.97	0.1133
14	7.369	4416.97	0.0423
15	7.376	4420.95	0.0515
16	7.378	4422.27	0.0840
17	7.380	4423.56	0.0483
18	7.419	4447.10	0.1303
19	7.433	4454.92	0.2588
20	7.442	4460.43	0.0579
21	7.445	4462.30	0.1490
22	7.475	4480.46	0.2591
23	7.487	4487.85	0.1637
24	7.490	4489.33	0.1162

Table of Multiplets
No.	Shift1 (ppm)	Hs	Type	J (Hz)	Atom1	Multiplet1	 (ppm)
1	2.880	6	s	-	19 12	M07	2.877 .. 2.883
2	3.403	1	t	5.16	10	M06	3.386 .. 3.411
3	3.814	1	t	5.16	9	M05	3.805 .. 3.830
4	5.613	1	s	-	7	M04	5.607 .. 5.618
5	7.372	2	tt	7.29 1.65	16 4	M03	7.346 .. 7.386
6	7.432	4	t	7.60	17 15 5 3	M02	7.415 .. 7.449
7	7.489	2	dd	7.38 1.48	2 6 18 14	M01	7.465 .. 7.497

Table of Assignments
No.	Atom	Exp. Shift (ppm)	Multiplet
1	19	2.880	M07
2	12	2.880	M07
3	10	3.403	M06
4	9	3.814	M05
5	7	5.613	M04
6	16	7.372	M03
7	4	7.372	M03
8	17	7.432	M02
9	15	7.432	M02
10	5	7.432	M02
11	3	7.432	M02
12	2	7.489	M01
13	6	7.489	M01
14	18	7.489	M01
15	14	7.489	M01
