Table of Peaks
No.	(ppm)	Height
1	0.50	0.6416
2	0.86	0.0220
3	0.86	0.0249
4	0.87	0.0389
5	0.88	0.0411
6	0.89	0.0262
7	0.90	0.0271
8	0.94	0.6110
9	0.96	0.0171
10	0.97	0.0179
11	0.99	0.0357
12	0.99	0.0434
13	1.01	0.0213
14	1.01	0.0191
15	1.10	0.0090
16	1.11	0.0111
17	1.12	0.0286
18	1.13	0.0320
19	1.14	0.0318
20	1.15	0.0331
21	1.16	0.0116
22	1.17	0.0108
23	1.31	0.0143
24	1.32	0.0223
25	1.33	0.0181
26	1.33	0.0400
27	1.34	0.0706
28	1.35	0.0645
29	1.37	0.0572
30	1.37	0.0560
31	1.38	0.0372
32	1.39	0.0191
33	1.40	0.0121
34	1.41	0.0321
35	1.42	0.0478
36	1.43	0.0664
37	1.44	0.0442
38	1.44	0.0370
39	1.45	0.0524
40	1.46	0.0341
41	1.52	0.0240
42	1.54	0.0188
43	1.55	0.0405
44	1.56	0.0420
45	1.56	0.0433
46	1.57	0.0384
47	1.58	0.0347
48	1.60	0.0332
49	1.61	0.0215
50	1.61	0.0292
51	1.62	0.0244
52	1.63	0.0128
53	1.63	0.0115
54	1.66	0.0312
55	1.68	0.0284
56	1.69	0.0402
57	1.71	0.0258
58	1.71	0.0443
59	1.72	0.0359
60	1.73	0.0248
61	1.74	0.0192
62	1.75	0.0230
63	1.76	0.0430
64	1.76	0.0246
65	1.77	0.0241
66	1.78	0.0409
67	1.79	0.0211
68	1.80	0.0197
69	1.81	0.0228
70	1.82	0.0340
71	1.83	0.0346
72	1.84	0.0176
73	1.85	0.0147
74	1.91	0.0142
75	1.92	0.0282
76	1.93	0.0191
77	1.93	0.0190
78	1.94	0.0139
79	1.95	0.0168
80	1.95	0.0238
81	1.95	0.0245
82	1.96	0.0147
83	1.96	0.0118
84	2.06	0.0190
85	2.06	0.0167
86	2.09	0.9430
87	2.13	0.0355
88	2.14	0.0380
89	2.14	0.0405
90	2.15	0.0198
91	2.16	0.0203
92	2.16	0.0196
93	2.52	0.0240
94	2.53	0.0254
95	2.54	0.0287
96	2.55	0.0481
97	2.55	0.0280
98	2.57	0.0225
99	2.57	0.0198
100	3.23	0.0071
101	3.24	0.0198
102	3.25	0.0260
103	3.26	0.0401
104	3.27	0.0416
105	3.27	0.0244
106	3.28	0.0191
107	3.29	0.0088
108	5.27	0.0678
109	5.27	0.0626
110	5.27	0.0690

Table of Multiplets
No.	Shift1 (ppm)	Hs	Type	Atom1		Multiplet1	 (ppm)
1	0.50		3	s	19		M13		0.46 .. 0.52
2	0.86		1	td	7		M12		0.84 .. 0.91
3	0.94		3	s	20		M11		0.91 .. 0.95
4	0.96		1	td	3		M10		0.95 .. 1.03
5	1.10		1	m	10		M09		1.07 .. 1.18
6	1.34		5	m	2 9 14 15	M08		1.29 .. 1.48
7	1.52		3	m	14 16 10	M07		1.49 .. 1.64
8	1.66		4	m	2 5 3 15	M06		1.65 .. 1.87
9	1.96		1	m	14		M05		1.89 .. 1.98
10	2.09		5	m	24 11		M04		2.04 .. 2.18
11	2.52		1	m	6		M03		2.51 .. 2.59
12	3.23		1	m	1		M02		3.22 .. 3.30
13	5.27		1	m	13		M01		5.24 .. 5.30

Table of Assignments
No.	Atom	Exp. Shift (ppm)	Multiplet
1	19	0.50			M13
2	7	0.86			M12
3	20	0.94			M11
4	3	0.96			M10
5	10	1.10			M09
6	2	1.34			M08
7	9	1.34			M08
8	14	1.34			M08
9	15	1.34			M08
10	14	1.52			M07
11	16	1.52			M07
12	10	1.52			M07
13	2	1.66			M06
14	5	1.66			M06
15	3	1.66			M06
16	15	1.66			M06
17	14	1.96			M05
18	24	2.09			M04
19	11	2.09			M04
20	6	2.52			M03
21	1	3.23			M02
22	13	5.27			M01

