Table of Peaks
No.	(ppm)	Height
1	0.58	0.9685
2	0.81	1.0000
3	0.84	0.0734
4	0.84	0.0734
5	0.84	0.0829
6	0.86	0.1286
7	0.87	0.1123
8	0.91	0.4513
9	0.92	0.4988
10	0.94	0.0523
11	0.95	0.0553
12	0.96	0.0540
13	0.97	0.0559
14	0.97	0.0558
15	0.98	0.0275
16	0.99	0.0179
17	1.12	0.0189
18	1.12	0.0211
19	1.14	0.0610
20	1.14	0.0611
21	1.16	0.0899
22	1.16	0.0734
23	1.17	0.0660
24	1.18	0.0679
25	1.19	0.0450
26	1.19	0.0329
27	1.20	0.0264
28	1.22	0.0650
29	1.24	0.1044
30	1.25	0.1190
31	1.26	0.1240
32	1.28	0.1006
33	1.30	0.0319
34	1.30	0.0314
35	1.31	0.0459
36	1.31	0.0493
37	1.33	0.1133
38	1.33	0.1277
39	1.35	0.2107
40	1.38	0.1474
41	1.41	0.1327
42	1.42	0.1331
43	1.44	0.1475
44	1.45	0.0508
45	1.46	0.0666
46	1.60	0.0246
47	1.61	0.0643
48	1.62	0.0730
49	1.63	0.1734
50	1.65	0.1171
51	1.65	0.1150
52	1.69	0.0180
53	1.71	0.0373
54	1.72	0.0366
55	1.72	0.0429
56	1.72	0.0463
57	1.73	0.0442
58	1.73	0.0408
59	1.74	0.0400
60	1.74	0.0330
61	1.76	0.0743
62	1.77	0.1413
63	1.79	0.1235
64	1.79	0.0705
65	1.80	0.0867
66	1.90	0.0324
67	1.91	0.0370
68	1.91	0.0411
69	1.92	0.0585
70	1.93	0.0525
71	1.94	0.0547
72	1.95	0.0734
73	1.96	0.0459
74	1.97	0.0744
75	1.98	0.0689
76	1.99	0.0473
77	2.00	0.0344
78	2.03	0.0414
79	2.04	0.0499
80	2.05	0.0476
81	2.06	0.0708
82	2.07	0.0426
83	2.07	0.0367
84	2.08	0.0295
85	2.12	0.0359
86	2.13	0.0411
87	2.14	0.0667
88	2.15	0.0722
89	2.16	0.0358
90	2.17	0.0351
91	2.18	0.0311
92	2.21	0.0778
93	2.23	0.0756
94	2.25	0.0287
95	2.52	0.2102
96	2.53	0.3159
97	2.55	0.2369
98	3.16	0.0320
99	3.17	0.0427
100	3.17	0.0430
101	3.18	0.0668
102	3.18	0.0684
103	3.19	0.0446
104	3.20	0.0321
105	3.21	0.0151
106	3.26	0.1069
107	3.27	0.1934
108	3.29	0.2042
109	3.30	0.1015
110	3.61	0.1393
111	3.78	0.1375
112	3.78	0.1463

Table of Multiplets
No.	Shift1 (ppm)	Hs	Type	J (Hz)	Atom1				Multiplet1	 (ppm)
1	0.58		3	s	-	18				M18		0.55 .. 0.61
2	0.81		3	s	-	24				M17		0.79 .. 0.82
3	0.85		1	m	-	14				M16		0.82 .. 0.89
4	0.92		3	d	6.49	28				M15		0.90 .. 0.93
5	0.96		1	m	-	4				M14		0.93 .. 1.00
6	1.36		9	m	-	3 20 9 19 15 6 10 13	M13		1.10 .. 1.39
7	1.41		2	m	-	15 17				M12		1.39 .. 1.49
8	1.61		3	m	-	20 4 14			M11		1.58 .. 1.68
9	1.77		3	m	-	3 2 10			M10		1.68 .. 1.82
10	1.96		2	m	-	21 5				M09		1.88 .. 2.02
11	2.03		1	m	-	21				M08		2.02 .. 2.10
12	2.13		1	td	-	7				M07		2.11 .. 2.18
13	2.20		1	q	-	17				M06		2.18 .. 2.26
14	2.53		2	t	7.35	31				M05		2.51 .. 2.56
15	3.18		1	m	-	16				M04		3.14 .. 3.22
16	3.28		2	dd	-	30				M03		3.25 .. 3.31
17	3.61		1	br. s.	-	11				M02		3.59 .. 3.64
18	3.78		1	d	2.42	12				M01		3.76 .. 3.81

Table of Assignments
No.	Atom	Exp. Shift (ppm)	Multiplet
1	18	0.58			M18
2	24	0.81			M17
3	14	0.85			M16
4	28	0.92			M15
5	4	0.96			M14
6	3	1.36			M13
7	20	1.36			M13
8	9	1.36			M13
9	19	1.36			M13
10	15	1.36			M13
11	6	1.36			M13
12	10	1.36			M13
13	13	1.36			M13
14	15	1.41			M12
15	17	1.41			M12
16	20	1.61			M11
17	4	1.61			M11
18	14	1.61			M11
19	3	1.77			M10
20	2	1.77			M10
21	10	1.77			M10
22	21	1.96			M09
23	5	1.96			M09
24	21	2.03			M08
25	7	2.13			M07
26	17	2.20			M06
27	31	2.53			M05
28	16	3.18			M04
29	30	3.28			M03
30	11	3.61			M02
31	12	3.78			M01

