DUoptxwinnmr USERreza NAMEBiostandards_13C_corr EXPNO8 PROCNO1
F1226.036ppm F2-23.064ppm MI19.00cm MAXI10000.00cm PC0.500
          ADDRESS            FREQUENCY         INTENSITY
                           Hz        PPM
     1     16272.6    10296.007     102.3333       106.15
     2     16283.5    10287.670     102.2504       155.58
     3     16777.1     9910.146      98.4981       183.48
     4     17288.8     9518.764      94.6082       110.72
     5     19246.2     8021.611      79.7278        77.92
     6     19274.2     8000.214      79.5151       118.61
     7     19351.6     7940.995      78.9265       180.78
     8     19570.4     7773.657      77.2633       175.10
     9     19634.4     7724.697      76.7767       177.23
    10     19744.5     7640.454      75.9394       117.19
    11     19786.6     7608.293      75.6198       203.71
    12     19817.4     7584.704      75.3853       215.47
    13     19933.6     7495.855      74.5022       118.01
    14     19945.8     7486.546      74.4097       172.49
    15     19992.8     7450.582      74.0522       109.39
    16     20174.7     7311.449      72.6694       105.74
    17     20250.7     7253.324      72.0917       212.93
    18     21381.3     6388.570      63.4968       127.63
    19     21400.0     6374.254      63.3545        91.36
    20     21415.0     6362.795      63.2406       209.13
    21     29734.1       -0.041      -0.0004        19.54
