DUoptxwinnmr USERreza NAMEBiostandards_13C_corr EXPNO104 PROCNO1
F1226.094ppm F2-23.007ppm MI1.10cm MAXI10000.00cm PC0.500
          ADDRESS            FREQUENCY         INTENSITY
                           Hz        PPM
     1     33429.9     9953.811      98.9321        13.56
     2     34488.6     9548.936      94.9080         5.45
     3     39546.7     7614.602      75.6825        13.23
     4     39827.1     7507.374      74.6167         5.85
     5     39867.6     7491.884      74.4627        13.16
     6     39942.4     7463.276      74.1784        13.31
     7     40127.6     7392.424      73.4742        13.76
     8     40509.3     7246.473      72.0236         5.50
     9     40818.7     7128.139      70.8474         5.54
    10     41325.2     6934.430      68.9221         5.77
    11     54683.2     1826.011      18.1490        19.00
    12	   54652.4     1801.544      18.0983	    18.81
    13     59474.4       -6.276      -0.0624         1.39
