Table of Peaks

No. 	(ppm) 	(Hz) 	Height
1 	3.86 	1928.1 	0.7855 	
2 	3.85 	1922.3 	0.8361 	
3 	2.32 	1157.5 	0.3300 	
4 	2.30 	1150.1 	0.6430 	
5 	2.29 	1142.5 	0.3610 	
6 	1.60 	800.1 	0.0576 	
7 	1.59 	792.7 	0.2283 	
8 	1.57 	785.2 	0.3556 	
9 	1.56 	777.7 	0.2499 	
10 	1.54 	770.1 	0.0719 	
11 	1.36 	678.6 	0.0199 	
12 	1.34 	671.1 	0.1587 	
13 	1.33 	663.7 	0.2938 	
14 	1.31 	656.1 	0.2882 	
15 	1.30 	648.7 	0.1482 	
16 	1.28 	641.4 	0.0174 	
17 	0.90 	449.8 	0.5075 	
18 	0.89 	442.4 	1.0000 	
19 	0.87 	435.0 	0.4440 	


Table of Multiplets

No. 	Shift1 (ppm) 	Hs 	Type 	J (Hz) 	Atom1 	Multiplet1 	 (ppm)
1 	3.85 	2 	d 	5.81 	4 	M01 	3.77 .. 3.93
2 	2.30 	2 	t 	7.50 	8 	M02 	2.21 .. 2.39
3 	1.57 	2 	tt 	7.50 	9 	M03 	1.51 .. 1.67
4 	1.32 	1 	m 	- 	10 	M04 	1.24 .. 1.40
5 	0.89 	3 	t 	7.39 	11 	M05 	0.79 .. 0.95


Table of Assignments

No. 	Atom 	Exp. Shift (ppm) 	Multiplet
1 	4 	3.85 	M01
2 	8 	2.30 	M02
3 	9 	1.57 	M03
4 	10 	1.32 	M04
5 	11 	0.89 	M05
