DUoptxwinnmr USERreza NAMEBiostandards_13C_corr EXPNO133 PROCNO1
F1226.105ppm F2-22.996ppm MI0.71cm MAXI10000.00cm PC1.000
          ADDRESS            FREQUENCY         INTENSITY
                           Hz        PPM
     1     11061.3    18518.854     184.0612         1.65
     2     18289.7    15754.514     156.5860         3.15
     3     24469.5    13391.219     133.0970        18.48
     4     24751.4    13283.403     132.0254         2.60
     5     28405.3    11886.074     118.1371        19.00
     6     47342.2     4644.096      46.1582        10.12
     7     59485.4        0.222       0.0022         0.72
