Table of Peaks
No.	(ppm)	Height
1	0.66	0.8100
2	1.05	0.0179
3	1.07	0.0226
4	1.07	0.0347
5	1.08	0.0369
6	1.09	0.0329
7	1.10	0.0313
8	1.12	0.0160
9	1.13	0.0193
10	1.14	0.0171
11	1.15	0.0407
12	1.15	0.0469
13	1.16	0.0393
14	1.16	0.1079
15	1.17	0.0523
16	1.17	0.2070
17	1.18	0.0467
18	1.19	0.1028
19	1.19	0.0400
20	1.20	0.0278
21	1.21	0.0197
22	1.21	0.0234
23	1.22	0.0393
24	1.22	0.0349
25	1.23	0.0530
26	1.24	0.0674
27	1.24	0.0624
28	1.25	0.0510
29	1.26	0.0560
30	1.26	0.0585
31	1.27	0.0226
32	1.28	0.0438
33	1.28	0.0380
34	1.30	0.0301
35	1.30	0.0311
36	1.32	0.0120
37	1.32	0.0110
38	1.34	0.0153
39	1.34	0.0171
40	1.35	0.0163
41	1.36	0.0324
42	1.36	0.0247
43	1.37	0.0241
44	1.38	0.0317
45	1.38	0.0139
46	1.39	0.0129
47	1.40	0.0122
48	1.54	0.0131
49	1.54	0.0140
50	1.55	0.0162
51	1.55	0.0271
52	1.56	0.0294
53	1.57	0.0254
54	1.57	0.0278
55	1.57	0.0251
56	1.58	0.0152
57	1.59	0.0137
58	1.59	0.0110
59	1.73	0.0273
60	1.73	0.0240
61	1.73	0.0244
62	1.74	0.0318
63	1.74	0.0238
64	1.74	0.0219
65	1.75	0.0294
66	1.75	0.0259
67	1.76	0.0278
68	1.81	0.0264
69	1.81	0.0471
70	1.82	0.0320
71	1.83	0.0312
72	1.83	0.0463
73	1.84	0.0273
74	1.84	0.0174
75	1.85	0.0174
76	1.86	0.0274
77	1.86	0.0249
78	1.87	0.0293
79	1.87	0.0312
80	1.88	0.0295
81	1.88	0.0247
82	1.89	0.0245
83	1.89	0.0155
84	1.90	0.0122
85	2.00	0.0199
86	2.00	0.0234
87	2.02	0.0352
88	2.02	0.0378
89	2.03	0.0191
90	2.04	0.0203
91	2.09	0.0156
92	2.10	0.0321
93	2.10	0.0307
94	2.11	0.0175
95	2.11	0.0191
96	2.12	0.0313
97	2.12	0.0275
98	2.13	0.0113
99	2.56	0.0130
100	2.56	0.0149
101	2.57	0.0157
102	2.58	0.0452
103	2.58	0.0447
104	2.59	0.0621
105	2.60	0.0324
106	2.61	0.0287
107	2.62	0.0304
108	2.63	0.0104
109	2.64	0.0094
110	2.65	0.0089
111	3.49	0.0217
112	3.50	0.0248
113	3.50	0.0445
114	3.51	0.0430
115	3.52	0.0242
116	3.52	0.0207
117	6.38	0.2640
118	6.62	0.2194

Table of Multiplets
No.	Shift1 (ppm)	Hs	Type	Atom1		Multiplet1	 (ppm)
1	0.66		3	s	18		M14		0.64 .. 0.68
2	1.05		1	m	5		M13		1.04 .. 1.11
3	1.17		5	m	9 10 4 6 8	M12		1.11 .. 1.33
4	1.34		1	m	3		M11		1.33 .. 1.41
5	1.54		1	m	4		M10		1.52 .. 1.61
6	1.73		1	m	10		M09		1.71 .. 1.77
7	1.81		1	dt	9		M08		1.79 .. 1.84
8	1.84		1	m	3		M07		1.84 .. 1.92
9	2.00		1	td	7		M06		1.99 .. 2.06
10	2.09		1	m	8		M05		2.07 .. 2.15
11	2.56		2	m	11		M04		2.54 .. 2.67
12	3.49		1	td	2		M03		3.47 .. 3.54
13	6.38		1	s	17		M02		6.37 .. 6.39
14	6.62		1	s	14		M01		6.60 .. 6.63

Table of Assignments
No.	Atom	Exp. Shift (ppm)	Multiplet
1	18	0.66			M14
2	5	1.05			M13
3	9	1.17			M12
4	10	1.17			M12
5	4	1.17			M12
6	6	1.17			M12
7	8	1.17			M12
8	3	1.34			M11
9	4	1.54			M10
10	10	1.73			M09
11	9	1.81			M08
12	3	1.84			M07
13	7	2.00			M06
14	8	2.09			M05
15	11	2.56			M04
16	2	3.49			M03
17	17	6.38			M02
18	14	6.62			M01

