Table of Peaks
No.	(ppm)	Height
1	1.28	0.0752
2	1.28	0.0762
3	1.29	0.0771
4	1.29	0.0757
5	1.30	0.0012
6	2.73	0.0097
7	2.73	0.0136
8	2.73	0.0141
9	2.74	0.0124
10	2.76	0.0122
11	2.76	0.0170
12	2.76	0.0152
13	2.77	0.0130
14	3.13	0.0098
15	3.14	0.0114
16	3.15	0.0101
17	3.16	0.0199
18	3.17	0.0103
19	3.18	0.0090
20	3.19	0.0105
21	3.37	0.0223
22	3.37	0.0118
23	3.38	0.0522
24	3.40	0.0302
25	3.40	0.0236
26	3.43	0.0119
27	3.43	0.0138
28	3.44	0.0138
29	3.44	0.0138
30	3.45	0.0088
31	3.45	0.0089
32	3.45	0.0083
33	3.46	0.0080
34	3.46	0.0082
35	3.57	0.0148
36	3.57	0.0197
37	3.58	0.0428
38	3.59	0.0170
39	3.60	0.0372
40	3.62	0.0174
41	3.62	0.0155
42	3.63	0.0190
43	3.63	0.0139
44	3.64	0.0175
45	3.64	0.0118
46	3.65	0.0106
47	3.65	0.0099
48	3.66	0.0083
49	3.66	0.0113
50	3.67	0.0114
51	3.67	0.0092
52	3.68	0.0103
53	3.68	0.0143
54	3.69	0.0095
55	3.85	0.0194
56	3.85	0.0211
57	3.86	0.0116
58	3.87	0.0270
59	3.87	0.0260
60	3.88	0.0106
61	3.88	0.0115
62	3.88	0.0103
63	3.90	0.0076
64	3.91	0.0019
65	3.92	0.0150
66	3.92	0.0299
67	3.93	0.0322
68	3.93	0.0310
69	3.93	0.0188
70	5.08	0.0209
71	5.09	0.0214
72	5.10	0.0251
73	5.11	0.0239
74	5.24	0.0254
75	5.24	0.0277
76	5.25	0.0224
77	5.25	0.0241
78	5.36	0.0094
79	5.36	0.0189
80	5.37	0.0120
81	5.38	0.0099
82	5.38	0.0186
83	5.39	0.0110
84	6.15	0.0621
85	6.17	0.0693
86	6.17	0.0515
87	6.81	0.0686
88	6.82	0.0723
89	7.31	0.0518
90	7.31	0.0518

Table of Multiplets
No.	Shift1 (ppm)	Hs	Type	J (Hz)		Multiplet1	 (ppm)
1	1.28		3	dd	6.22 1.05	M12		1.26 .. 1.30
2	2.75		1	m	-		M11		2.71 .. 2.78
3	3.13		1	m	-		M10		3.12 .. 3.20
4	3.37		3	m	-		M09		3.35 .. 3.47
5	3.57		4	s	-		M08		3.55 .. 3.71
6	3.89		3	m	-		M07		3.84 .. 3.95
7	5.08		1	dd	-		M06		5.07 .. 5.12
8	5.24		1	dd	-		M05		5.22 .. 5.26
9	5.36		1	dt	-		M04		5.34 .. 5.40
10	6.16		2	dd	-		M03		6.11 .. 6.20
11	6.81		2	d	8.58		M02		6.77 .. 6.85
12	7.31		2	d	0.33		M01		7.27 .. 7.35


Table of Assignments
No.	Atom	Exp. Shift (ppm)	Multiplet
1	17	1.28		M12
2	28	2.75		M11
3	28	3.13		M10
4	5	3.37		M09
5	10	3.37		M09
6	11	3.37		M09
7	4	3.57		M08
8	9	3.57		M08
9	8	3.57		M08
10	20	3.57		M08
11	20	3.89		M07
12	6	3.89		M07
13	3	3.89		M07
14	13	5.08		M06
15	2	5.24		M05
16	27	5.36		M04
17	32	6.16		M03
18	24	6.16		M03
19	37	6.81		M02
20	35	6.81		M02
21	38	7.31		M01
22	34	7.31		M01

