Table of Peaks
No.	(ppm)	(Hz)	Height
1	0.87	437.2	0.1038
2	0.89	444.3	0.2365
3	0.90	451.1	0.0851
4	1.26	631.8	1.0000
5	1.31	653.4	0.0701
6	1.34	668.9	0.0327
7	1.36	678.3	0.0191
8	1.61	805.4	0.0186
9	1.63	812.9	0.0454
10	1.64	820.4	0.0568
11	1.66	827.7	0.0377
12	1.67	835.2	0.0127
13	2.34	1170.3	0.1010
14	2.36	1177.8	0.1550
15	2.37	1185.3	0.0875

Table of Multiplets
No.	Shift1 (ppm)	Hs	Type	J (Hz)	Atom1	Multiplet1	 (ppm)
1	0.89	3	t	7.00	17	M04	0.86 .. 0.91
2	1.32	22	m	-	16 15 14 13 12 11 10 9 8 7 6	M03	1.22 .. 1.38
3	1.63	2	td	14.80 7.50	5	M02	1.61 .. 1.68
4	2.36	2	t	7.54	4	M01	2.33 .. 2.38

Table of Assignments
No.	Atom	Exp. Shift (ppm)	Multiplet
1	17	0.89	M04
2	16	1.32	M03
3	15	1.32	M03
4	14	1.32	M03
5	13	1.32	M03
6	12	1.32	M03
7	11	1.32	M03
8	10	1.32	M03
9	9	1.32	M03
10	8	1.32	M03
11	7	1.32	M03
12	6	1.32	M03
13	5	1.63	M02
14	4	2.36	M01
