Table of Peaks
No. 	(ppm) 	(Hz) 	Height
1 	2.00 	999.7 	0.0951 	
2 	2.02 	1012.1 	0.1690 	
3 	2.05 	1023.7 	0.2048 	
4 	2.12 	1060.5 	0.1178 	
5 	2.13 	1063.2 	0.1344 	
6 	2.15 	1075.6 	0.1010 	
7 	2.16 	1077.9 	0.0931 	
8 	2.18 	1088.4 	0.0979 	
9 	2.18 	1090.7 	0.1089 	
10 	2.19 	1093.3 	0.0868 	
11 	2.20 	1100.5 	0.0706 	
12 	2.21 	1102.2 	0.0780 	
13 	2.21 	1106.1 	0.0726 	
14 	3.86 	1930.8 	0.0918 	
15 	3.87 	1933.7 	0.1151 	
16 	3.88 	1940.4 	0.0956 	
17 	3.89 	1943.5 	0.1173 	
18 	4.24 	2120.9 	0.1167 	
19 	4.25 	2123.8 	0.1323 	
20 	5.31 	2652.0 	0.0431 	
21 	5.32 	2658.0 	0.0402 	
22 	5.33 	2662.8 	0.0736 	
23 	5.34 	2667.2 	0.0670 	
24 	5.35 	2674.1 	0.0451 	
25 	5.36 	2678.1 	0.0440 	
26 	6.37 	3185.8 	0.2062 	
27 	6.41 	3201.7 	0.2069 	
28 	6.93 	3463.5 	0.2037 	
29 	6.95 	3471.7 	0.2403 	
30 	7.11 	3556.0 	0.1730 	
31 	7.13 	3562.4 	0.1335 	
32 	7.13 	3564.4 	0.1645 	
33 	7.19 	3591.7 	0.2446 	
34 	7.19 	3593.3 	0.2933 	
35 	7.63 	3815.6 	0.2054 	
36 	7.67 	3831.6 	0.1948 	

Table of Multiplets
No. 	Shift1 (ppm) 	Hs 	Type 	J (Hz) 	Atom1 	Multiplet1 	 (ppm)
1 	2.02 	1 	m 	- 	5 3 	M09 	1.99 .. 2.07
2 	2.17 	1 	m 	- 	5 3 	M08 	2.11 .. 2.23
3 	3.88 	1 	dd 	9.72 3.02 	1 	M07 	3.86 .. 3.90
4 	4.25 	1 	d 	2.88 	6 	M06 	4.23 .. 4.27
5 	5.33 	1 	m 	- 	2 	M05 	5.30 .. 5.37
6 	6.39 	1 	d 	15.99 	15 	M04 	6.36 .. 6.43
7 	6.94 	1 	d 	8.17 	21 	M03 	6.92 .. 6.97
8 	7.12 	1 	dd 	- 	22 	M02 	7.10 .. 7.16
9 	7.19 	1 	d 	1.56 	18 	M10 	7.18 .. 7.20
10 	7.65 	1 	d 	15.99 	16 	M01 	7.62 .. 7.68

Table of Assignments
No. 	Atom 	Exp. Shift (ppm) 	Multiplet
1 	5 	2.02 	M09
2 	3 	2.02 	M09
3 	5 	2.17 	M08
4 	3 	2.17 	M08
5 	1 	3.88 	M07
6 	6 	4.25 	M06
7 	2 	5.33 	M05
8 	15 	6.39 	M04
9 	21 	6.94 	M03
10 	22 	7.12 	M02
11 	18 	7.19 	M10
12 	16 	7.65 	M01
