Table of Peaks

No. 	(ppm) 	(Hz) 	Height
1 	5.76 	3456.0 	0.0633 	
2 	4.42 	2650.4 	0.0196 	
3 	4.33 	2596.6 	0.0595 	
4 	4.32 	2593.1 	0.0606 	
5 	2.99 	1796.2 	0.0050 	
6 	2.98 	1787.2 	0.0104 	
7 	2.97 	1778.3 	0.0056 	
8 	2.92 	1751.5 	0.0556 	
9 	2.91 	1743.7 	0.0621 	
10 	2.90 	1741.2 	0.0241 	
11 	2.89 	1735.7 	0.0602 	
12 	2.60 	1561.0 	0.0131 	
13 	2.59 	1551.7 	0.0315 	
14 	2.57 	1542.3 	0.0240 	
15 	2.56 	1536.6 	0.0252 	
16 	2.55 	1531.9 	0.0150 	
17 	2.54 	1523.6 	0.0236 	
18 	2.52 	1513.3 	0.0104 	
19 	2.51 	1508.1 	0.0088 	
20 	2.40 	1437.5 	0.0105 	
21 	2.39 	1433.0 	0.0234 	
22 	2.38 	1428.4 	0.0133 	
23 	2.37 	1420.2 	0.0096 	
24 	2.35 	1411.2 	0.0105 	
25 	2.31 	1386.6 	0.0149 	
26 	2.31 	1382.8 	0.0168 	
27 	2.29 	1372.6 	0.0124 	
28 	2.28 	1368.6 	0.0133 	
29 	2.17 	1302.7 	0.0104 	
30 	2.16 	1297.9 	0.0185 	
31 	2.16 	1293.1 	0.0108 	
32 	2.15 	1289.1 	0.0139 	
33 	2.14 	1284.4 	0.0227 	
34 	2.13 	1279.8 	0.0115 	
35 	2.09 	1252.3 	0.0099 	
36 	2.08 	1250.1 	0.0118 	
37 	2.08 	1246.7 	0.0188 	
38 	2.07 	1244.0 	0.0208 	
39 	2.06 	1233.1 	0.0325 	
40 	2.05 	1230.4 	0.0342 	
41 	1.99 	1191.3 	0.0125 	
42 	1.98 	1186.7 	0.0126 	
43 	1.97 	1180.3 	0.0133 	
44 	1.96 	1175.7 	0.0120 	
45 	1.93 	1159.6 	0.0109 	
46 	1.93 	1155.1 	0.0112 	
47 	1.91 	1146.3 	0.0180 	
48 	1.90 	1141.9 	0.0184 	
49 	1.89 	1133.0 	0.0089 	
50 	1.88 	1128.6 	0.0071 	
51 	1.82 	1090.2 	0.0064 	
52 	1.80 	1080.6 	0.0108 	
53 	1.78 	1068.4 	0.0241 	
54 	1.77 	1062.9 	0.0221 	
55 	1.77 	1060.2 	0.0335 	
56 	1.76 	1056.3 	0.0264 	
57 	1.75 	1052.1 	0.0477 	
58 	1.75 	1047.6 	0.0293 	
59 	1.74 	1043.5 	0.0337 	
60 	1.74 	1040.8 	0.0284 	
61 	1.73 	1035.5 	0.0287 	
62 	1.70 	1020.6 	0.0118 	
63 	1.67 	1002.7 	0.0127 	
64 	1.67 	999.5 	0.0125 	
65 	1.65 	988.9 	0.0116 	
66 	1.64 	986.1 	0.0112 	
67 	1.41 	844.6 	0.0123 	
68 	1.38 	829.6 	0.2547 	
69 	1.37 	819.6 	0.0138 	
70 	1.36 	813.7 	0.0083 	
71 	1.35 	807.8 	0.0065 	
72 	1.26 	754.6 	0.0097 	
73 	1.25 	747.3 	0.0082 	
74 	1.24 	742.3 	0.0109 	
75 	1.23 	736.4 	0.0095 	
76 	1.22 	731.2 	0.0067 	
77 	1.21 	724.0 	0.0054 	
78 	1.19 	714.3 	0.0103 	
79 	1.19 	711.3 	0.0083 	
80 	1.18 	705.9 	0.0177 	
81 	1.17 	703.0 	0.0224 	
82 	1.16 	694.6 	0.0181 	
83 	1.15 	691.4 	0.0163 	
84 	1.13 	678.0 	0.0074 	
85 	1.11 	665.6 	0.0118 	
86 	1.10 	660.0 	0.0145 	
87 	1.10 	657.8 	0.0114 	
88 	1.07 	644.6 	0.0061 	
89 	1.07 	639.7 	0.0041 	
90 	0.86 	512.8 	0.0181 	
91 	0.84 	503.6 	0.0071 	
92 	0.82 	491.2 	0.0610 	
93 	0.81 	483.9 	0.1646 	
94 	-0.00 	-0.0 	1.0000 	


Table of Multiplets

No. 	Shift1 (ppm) 	Hs 	Type 	J (Hz) 	Atom1 	Multiplet1 	 (ppm)
1 	5.76 	1 	s 	- 	11 	M01 	5.72 .. 5.80
2 	4.32 	1 	d 	- 	24 	M02 	4.29 .. 4.35
3 	2.94 	2 	m 	- 	9 13 	M03 	2.86 .. 3.03
4 	2.56 	3 	m 	- 	9 17 	M04 	2.47 .. 2.64
5 	2.38 	1 	dt 	- 	13 	M05 	2.34 .. 2.43
6 	2.30 	1 	m 	- 	16 	M06 	2.25 .. 2.33
7 	2.15 	1 	dt 	13.46 4.71 	8 	M07 	2.12 .. 2.19
8 	2.07 	3 	m 	- 	6 	M08 	2.01 .. 2.12
9 	1.93 	2 	m 	- 	3 14 	M09 	1.86 .. 2.01
10 	1.76 	4 	m 	- 	16 15 8 	M10 	1.72 .. 1.83
11 	1.66 	1 	dd 	13.67 2.98 	6 	M11 	1.63 .. 1.68
12 	1.38 	3 	s 	- 	20 	M12 	1.37 .. 1.39
13 	1.37 	4 	m 	- 	15 	M13 	1.33 .. 1.44
14 	1.17 	3 	m 	- 	2 14 	M15 	1.02 .. 1.28
15 	1.15 	3 	m 	- 	4 	M14 	1.02 .. 1.27
16 	0.82 	1 	s 	- 	19 	M16 	0.82 .. 0.83
17 	0.81 	2 	s 	- 	19 	M17 	0.80 .. 0.81


Table of Assignments

No. 	Atom 	Exp. Shift (ppm) 	Multiplet
1 	19 	0.81 	M17
2 	19 	0.82 	M16
3 	4 	1.15 	M14
4 	2 	1.17 	M15
5 	14 	1.17 	M15
6 	15 	1.37 	M13
7 	20 	1.38 	M12
8 	6 	1.66 	M11
9 	16 	1.76 	M10
10 	15 	1.76 	M10
11 	8 	1.76 	M10
12 	3 	1.93 	M09
13 	14 	1.93 	M09
14 	6 	2.07 	M08
15 	8 	2.15 	M07
16 	16 	2.30 	M06
17 	13 	2.38 	M05
18 	9 	2.56 	M04
19 	17 	2.56 	M04
20 	9 	2.94 	M03
21 	13 	2.94 	M03
22 	24 	4.32 	M02
23 	11 	5.76 	M01

