Table of Peaks
No.	(ppm)	Height
1	7.36	0.0011
2	7.36	0.0021
3	7.36	0.0012
4	7.37	0.0013
5	7.37	0.0070
6	7.38	0.0021
7	7.38	0.0038
8	7.39	0.0066
9	7.39	0.0033
10	7.41	0.0080
11	7.41	0.0095
12	7.41	0.0043
13	7.42	0.0081
14	7.42	0.0150
15	7.43	0.0026
16	7.43	0.0070
17	7.43	0.0039
18	7.58	0.0110
19	7.58	0.0112
20	7.59	0.0057
21	7.59	0.0031
22	7.60	0.0129
23	7.60	0.0089

Table of Multiplets
No.	Shift1 (ppm)	Hs	Type	Atom1		Multiplet1	 (ppm)
1	7.36		1	m	16		M03		7.35 .. 7.40
2	7.41		2	m	15 17		M02		7.40 .. 7.45
3	7.58		2	m	14 18		M01		7.57 .. 7.61

Table of Assignments
No.	Atom	Exp. Shift (ppm)	Multiplet
1	16	7.36		M03
2	15	7.41		M02
3	17	7.41		M02
4	14	7.58		M01
5	18	7.58		M01

