Table of Peaks
No.	(ppm)	Height
1	0.87	0.0017
2	0.88	0.0028
3	0.88	0.0022
4	0.89	0.0051
5	0.90	0.0094
6	0.90	0.0059
7	0.91	0.0058
8	0.92	0.0100
9	0.92	0.0059
10	0.93	0.0023
11	0.94	0.0031
12	0.95	0.0015
13	1.11	0.0044
14	1.12	0.0064
15	1.14	0.0150
16	1.14	0.0101
17	1.16	0.0093
18	1.16	0.0063
19	1.29	0.0040
20	1.30	0.0074
21	1.31	0.0138
22	1.32	0.0151
23	1.34	0.0061
24	1.34	0.0078
25	1.46	0.0100
26	1.46	0.0175
27	1.46	0.0193
28	1.47	0.0160
29	1.48	0.0233
30	1.48	0.0233
31	1.48	0.0232
32	1.49	0.0121
33	1.50	0.0111
34	1.51	0.0025
35	1.55	0.0097
36	1.55	0.0096
37	1.56	0.0097
38	1.56	0.0105
39	1.56	0.0091
40	1.57	0.0165
41	1.58	0.0138
42	1.58	0.0059
43	1.59	0.0064
44	1.60	0.0087
45	1.60	0.0047
46	1.62	0.0025
47	1.62	0.0028
48	1.63	0.0010
49	1.65	0.0024
50	1.66	0.0046
51	1.66	0.0030
52	1.67	0.0061
53	1.68	0.0122
54	1.68	0.0078
55	1.69	0.0042
56	1.70	0.0129
57	1.71	0.0186
58	1.72	0.0073
59	1.72	0.0076
60	1.73	0.0106
61	1.73	0.0093
62	2.62	0.0515
63	2.82	0.0495
64	3.12	0.0046
65	3.12	0.0077
66	3.14	0.0077
67	3.15	0.0081
68	3.15	0.0043
69	3.38	0.0175
70	3.39	0.0261
71	3.40	0.0223
72	3.81	0.4512
73	4.03	0.0124
74	4.03	0.0129
75	4.05	0.0121
76	4.06	0.0120
77	6.87	0.0777
78	6.88	0.0883
79	7.12	0.0805
80	7.14	0.0725

Table of Multiplets
No.	Shift1 (ppm)	Hs	Type	J (Hz)	Atom1		Multiplet1	 (ppm)
1	0.87		1	qt	-	4		M14		0.86 .. 0.96
2	1.11		1	m	-	2		M13		1.10 .. 1.18
3	1.29		1	m	-	6		M12		1.28 .. 1.35
4	1.46		3	m	-	3 2 5		M11		1.43 .. 1.52
5	1.56		2	m	-	4 3		M10		1.53 .. 1.64
6	1.65		2	m	-	5 6		M09		1.64 .. 1.75
7	2.62		3	br. s.	-	11		M08		2.58 .. 2.66
8	2.82		3	br. s.	-	18		M07		2.78 .. 2.86
9	3.15		1	m	-	9		M06		3.10 .. 3.17
10	3.38		1	m	-	8		M05		3.37 .. 3.40
11	3.81		3	s	-	20		M04		3.80 .. 3.82
12	4.03		1	dd	-	9		M03		4.01 .. 4.07
13	6.87		2	d	8.75	14 16		M02		6.85 .. 6.89
14	7.13		2	d	8.69	13 17		M01		7.11 .. 7.15

Table of Assignments
No.	Atom	Exp. Shift (ppm)	Multiplet
1	4	0.87			M14
2	2	1.11			M13
3	6	1.29			M12
4	3	1.46			M11
5	2	1.46			M11
6	5	1.46			M11
7	4	1.56			M10
8	3	1.56			M10
9	5	1.65			M09
10	6	1.65			M09
11	11	2.62			M08
12	18	2.82			M07
13	9	3.15			M06
14	8	3.38			M05
15	20	3.81			M04
16	9	4.03			M03
17	14	6.87			M02
18	16	6.87			M02
19	13	7.13			M01
20	17	7.13			M01

