Table of Peaks
No.	(ppm)	Height
1	3.25	0.2171
2	3.26	0.2550
3	3.27	0.2551
4	3.28	0.2222
5	3.40	0.3107
6	3.42	0.5788
7	3.43	0.3742
8	3.55	0.1487
9	3.55	0.1547
10	3.56	0.2053
11	3.57	0.3749
12	3.57	0.3060
13	3.57	0.3984
14	3.58	0.1339
15	3.58	0.4935
16	3.59	0.5773
17	3.60	0.1934
18	3.60	0.4045
19	3.61	0.5615
20	3.61	0.3789
21	3.62	0.4245
22	3.62	0.7728
23	3.63	0.8029
24	3.64	0.7019
25	3.65	0.9642
26	3.66	0.6079
27	3.66	0.6105
28	3.68	0.6098
29	3.70	0.4337
30	3.70	0.2058
31	3.70	0.2138
32	3.71	0.2079
33	3.71	0.1438
34	3.72	0.1551
35	3.72	0.1875
36	3.72	0.1900
37	3.75	0.6092
38	3.76	0.2666
39	3.76	0.4494
40	3.77	0.5015
41	3.78	0.4892
42	3.79	0.0931
43	3.79	0.2486
44	3.80	0.3626
45	3.81	0.2362
46	3.82	0.9493
47	3.82	0.8093
48	3.83	0.7794
49	3.84	0.7230
50	3.85	0.8832
51	3.86	0.2951
52	3.86	0.2480
53	3.87	0.3075
54	3.89	0.2146
55	3.90	0.1695
56	3.91	0.1468
57	3.92	0.0775
58	3.92	0.0954
59	3.92	0.0901
60	3.93	0.3317
61	3.93	0.3534
62	3.95	0.6121
63	3.96	0.5548
64	3.96	0.2690
65	3.98	0.2296
66	4.64	0.3376
67	4.65	0.3191
68	5.22	0.2586
69	5.22	0.2490
70	5.38	0.6194
71	5.39	0.6620
72	5.39	0.7197
73	5.40	1.0000
74	5.40	0.5227

Table of Mnltiplets	
No.	Shift1 (ppm)	Hs	Type	J (Hz)		Atom1						Multiplet1	 (ppm)
1	3.27		1	dd	9.30 8.14	30						M09		3.24 .. 3.29
2	3.42		2	t	9.55		20						M08		3.38 .. 3.44
3	3.62		2	m	-		30 33 22 3 10 5 8 28 21 19 6 13	M07		3.54 .. 3.73
4	3.76		3	m	-		44 29						M06		3.73 .. 3.78
5	3.83		15	m	-		4 36 23 34 44				M05		3.78 .. 3.89
6	3.93		6	m	-		33 29						M04		3.90 .. 3.99
7	4.65		1	d	7.92		31						M03		4.62 .. 4.67
8	5.22		1	d	3.69		31						M02		5.21 .. 5.23
9	5.39		6	m	-		17 2 11					M01		5.36 .. 5.42

Table of Assignments
No.	Atom	Exp. Shift (ppm)	Multiplet
1	30	3.27			M09
2	20	3.42			M08
3	30	3.62			M07
4	33	3.62			M07
5	22	3.62			M07
6	3	3.62			M07
7	10	3.62			M07
8	5	3.62			M07
9	8	3.62			M07
10	28	3.62			M07
11	21	3.62			M07
12	19	3.62			M07
13	6	3.62			M07
14	13	3.62			M07
15	44	3.76			M06
16	29	3.76			M06
17	4	3.83			M05
18	36	3.83			M05
19	23	3.83			M05
20	34	3.83			M05
21	44	3.83			M05
22	33	3.93			M04
23	29	3.93			M04
24	31	4.65			M03
25	31	5.22			M02
26	17	5.39			M01
27	2	5.39			M01
28	11	5.39			M01

