Table of Peaks

No. 	(ppm) 	(Hz) 	Height
1 	5.66 	2829.1 	0.2077 	
2 	2.70 	1348.9 	0.1508 	
3 	2.64 	1320.4 	0.0358 	
4 	2.64 	1317.6 	0.0380 	
5 	2.62 	1308.9 	0.0473 	
6 	2.61 	1305.8 	0.0729 	
7 	2.61 	1302.8 	0.0495 	
8 	2.59 	1294.1 	0.0409 	
9 	2.58 	1291.2 	0.0388 	
10 	2.38 	1191.1 	0.0205 	
11 	2.37 	1186.1 	0.0254 	
12 	2.36 	1179.4 	0.0292 	
13 	2.35 	1176.2 	0.0544 	
14 	2.35 	1174.2 	0.0764 	
15 	2.34 	1171.7 	0.0561 	
16 	2.34 	1169.1 	0.0777 	
17 	2.34 	1167.2 	0.0680 	
18 	2.33 	1165.4 	0.0661 	
19 	2.32 	1159.9 	0.1031 	
20 	2.31 	1154.8 	0.0775 	
21 	2.30 	1151.3 	0.0550 	
22 	2.30 	1147.3 	0.0876 	
23 	2.29 	1143.4 	0.0915 	
24 	2.28 	1139.6 	0.0680 	
25 	2.26 	1130.0 	0.0266 	
26 	2.25 	1126.6 	0.0342 	
27 	2.25 	1122.2 	0.0292 	
28 	2.24 	1117.4 	0.0594 	
29 	2.23 	1115.1 	0.0755 	
30 	2.23 	1113.7 	0.0779 	
31 	2.22 	1111.2 	0.0704 	
32 	2.20 	1101.6 	1.0000 	
33 	1.98 	987.5 	0.0349 	
34 	1.97 	984.2 	0.0475 	
35 	1.97 	982.8 	0.0470 	
36 	1.96 	979.5 	0.0394 	
37 	1.95 	974.2 	0.0472 	
38 	1.94 	970.9 	0.0564 	
39 	1.94 	969.3 	0.0538 	
40 	1.93 	966.2 	0.0406 	
41 	1.81 	904.7 	0.0475 	
42 	1.80 	901.7 	0.0474 	
43 	1.80 	899.1 	0.0496 	
44 	1.80 	897.4 	0.0537 	
45 	1.78 	891.7 	0.0778 	
46 	1.78 	889.8 	0.0802 	
47 	1.77 	883.5 	0.0479 	
48 	1.76 	880.3 	0.0544 	
49 	1.76 	878.6 	0.0460 	
50 	1.74 	871.1 	0.0297 	
51 	1.74 	868.1 	0.0260 	
52 	1.69 	845.2 	0.0321 	
53 	1.67 	834.2 	0.1151 	
54 	1.66 	829.9 	0.0712 	
55 	1.64 	821.2 	0.1411 	
56 	1.63 	815.5 	0.1021 	
57 	1.61 	806.8 	0.0620 	
58 	1.61 	802.4 	0.0386 	
59 	1.59 	795.7 	0.0400 	
60 	1.58 	791.6 	0.0429 	
61 	1.56 	779.8 	0.1097 	
62 	1.55 	773.4 	0.1331 	
63 	1.54 	770.4 	0.1063 	
64 	1.53 	764.5 	0.0882 	
65 	1.52 	761.1 	0.0771 	
66 	1.52 	758.5 	0.0926 	
67 	1.50 	749.3 	0.0479 	
68 	1.37 	685.4 	0.0583 	
69 	1.36 	681.6 	0.0679 	
70 	1.36 	679.4 	0.0702 	
71 	1.35 	672.4 	0.1043 	
72 	1.34 	670.2 	0.1030 	
73 	1.33 	666.1 	0.0522 	
74 	1.33 	663.2 	0.0747 	
75 	1.32 	658.2 	0.0777 	
76 	1.30 	651.6 	0.0558 	
77 	1.29 	646.0 	0.0575 	
78 	1.28 	639.9 	0.0415 	
79 	1.27 	634.1 	0.0181 	
80 	1.26 	627.9 	0.0134 	
81 	1.12 	557.3 	0.6845 	
82 	1.08 	542.1 	0.0189 	
83 	1.08 	537.8 	0.0199 	
84 	1.06 	528.7 	0.0385 	
85 	1.05 	525.9 	0.0383 	
86 	1.05 	525.1 	0.0384 	
87 	1.03 	516.6 	0.0355 	
88 	1.03 	515.7 	0.0352 	
89 	1.03 	513.0 	0.0364 	
90 	1.01 	503.8 	0.0160 	
91 	1.00 	499.6 	0.0139 	
92 	0.94 	468.4 	0.0276 	
93 	0.93 	464.2 	0.0351 	
94 	0.91 	456.0 	0.0467 	
95 	0.91 	453.3 	0.0544 	
96 	0.89 	445.4 	0.0282 	
97 	0.88 	441.5 	0.0272 	
98 	0.69 	344.8 	0.6165 	


Table of Multiplets

No. 	Shift1 (ppm) 	Hs 	Type 	J (Hz) 	Atom1 	Multiplet1 	 (ppm)
1 	5.66 	4 	s 	- 	13 	M01 	5.63 .. 5.69
2 	2.70 	3 	s 	- 	19 	M02 	2.68 .. 2.72
3 	2.61 	4 	ddd 	14.72 11.66 2.81 	8 	M03 	2.56 .. 2.66
4 	2.33 	10 	m 	- 	15 11 	M04 	2.27 .. 2.40
5 	2.24 	3 	m 	- 	11 	M05 	2.22 .. 2.27
6 	2.20 	11 	s 	- 	24 	M06 	2.18 .. 2.22
7 	1.95 	3 	ddd 	13.33 4.77 3.18 	16 	M07 	1.90 .. 1.99
8 	1.78 	7 	m 	- 	10 9 	M08 	1.72 .. 1.84
9 	1.64 	10 	m 	- 	5 2 16 6 	M09 	1.60 .. 1.70
10 	1.54 	11 	m 	- 	3 8 	M10 	1.47 .. 1.60
11 	1.32 	9 	m 	- 	6 5 9 	M11 	1.24 .. 1.40
12 	1.12 	9 	s 	- 	23 	M12 	1.09 .. 1.13
13 	1.04 	3 	m 	- 	10 	M13 	0.99 .. 1.09
14 	0.91 	3 	m 	- 	4 	M14 	0.86 .. 0.96
15 	0.69 	9 	s 	- 	18 	M15 	0.66 .. 0.71


Table of Assignments

No. 	Atom 	Exp. Shift (ppm) 	Multiplet
1 	13 	5.66 	M01
2 	19 	2.70 	M02
3 	8 	2.61 	M03
4 	11 	2.33 	M04
5 	15 	2.33 	M04
6 	11 	2.24 	M05
7 	24 	2.20 	M06
8 	16 	1.95 	M07
9 	9 	1.78 	M08
10 	10 	1.78 	M08
11 	2 	1.64 	M09
12 	16 	1.64 	M09
13 	6 	1.64 	M09
14 	5 	1.64 	M09
15 	8 	1.54 	M10
16 	3 	1.54 	M10
17 	9 	1.32 	M11
18 	5 	1.32 	M11
19 	6 	1.32 	M11
20 	23 	1.12 	M12
21 	10 	1.04 	M13
22 	4 	0.91 	M14
23 	18 	0.69 	M15
