Table of Peaks
No.	(ppm)	(Hz)	Height
1	0.88	437.6	0.0683
2	0.89	444.7	0.1603
3	0.90	451.5	0.0557
4	1.26	631.6	1.0000
5	1.29	646.3	0.0571
6	1.31	653.8	0.0457
7	1.34	671.8	0.0201
8	1.36	678.9	0.0123
9	1.61	806.1	0.0107
10	1.63	813.6	0.0270
11	1.64	821.1	0.0339
12	1.66	828.4	0.0224
13	1.67	835.9	0.0072
14	2.34	1171.1	0.0576
15	2.36	1178.7	0.0881
16	2.37	1186.2	0.0503

Table of Multiplets
No.	Shift1 (ppm)	Hs	Type	J (Hz)	Atom1	Multiplet1	 (ppm)
1	0.89	3	t	7.00	21	M04	0.87 .. 0.91
2	1.31	30	m	-	12 10 11 13 14 9 8 7 6 15 16 17 18 19 20	M03	1.21 .. 1.39
3	1.64	2	dt	14.80 7.50	5	M02	1.60 .. 1.69
4	2.36	2	t	7.53	4	M01	2.33 .. 2.39

Table of Assignments
No.	Atom	Exp. Shift (ppm)	Multiplet
1	21	0.89	M04
2	12	1.31	M03
3	10	1.31	M03
4	11	1.31	M03
5	13	1.31	M03
6	14	1.31	M03
7	9	1.31	M03
8	8	1.31	M03
9	7	1.31	M03
10	6	1.31	M03
11	15	1.31	M03
12	16	1.31	M03
13	17	1.31	M03
14	18	1.31	M03
15	19	1.31	M03
16	20	1.31	M03
17	5	1.64	M02
18	4	2.36	M01
