Table of Peaks
No.	(ppm)	Height
1	0.87	0.3710
2	1.27	0.0041
3	1.28	0.0051
4	1.29	0.0136
5	1.30	0.0138
6	1.31	0.0184
7	1.32	0.0161
8	1.33	0.0113
9	1.33	0.0137
10	1.34	0.0178
11	1.35	0.0144
12	1.36	0.0144
13	1.37	0.0112
14	1.38	0.0123
15	1.38	0.0150
16	1.39	0.0151
17	1.40	0.0172
18	1.41	0.0187
19	1.42	0.0085
20	1.43	0.0138
21	1.44	0.0090
22	1.45	0.0172
23	1.45	0.0196
24	1.47	0.0186
25	1.47	0.0176
26	1.49	0.0071
27	1.49	0.0069
28	1.65	0.0096
29	1.66	0.0138
30	1.67	0.0106
31	1.67	0.0127
32	1.68	0.0165
33	1.68	0.0192
34	1.69	0.0067
35	1.70	0.0450
36	1.71	0.0091
37	1.72	0.0396
38	1.73	0.0292
39	1.74	0.0161
40	1.75	0.0229
41	1.75	0.0110
42	1.83	0.0076
43	1.84	0.0126
44	1.84	0.0136
45	1.85	0.0146
46	1.85	0.0098
47	1.86	0.0134
48	1.86	0.0143
49	1.87	0.0125
50	1.87	0.0065
51	1.95	0.0118
52	1.96	0.0147
53	1.97	0.0253
54	1.98	0.0257
55	1.99	0.0092
56	2.00	0.0094
57	2.13	0.0086
58	2.14	0.0104
59	2.15	0.0166
60	2.15	0.0173
61	2.17	0.0083
62	2.17	0.0087
63	2.28	0.0061
64	2.29	0.0136
65	2.29	0.0123
66	2.30	0.0084
67	2.30	0.0086
68	2.31	0.0145
69	2.31	0.0112
70	2.70	0.0034
71	2.71	0.0042
72	2.73	0.0230
73	2.73	0.0319
74	2.74	0.0313
75	2.75	0.0144
76	2.76	0.0146
77	2.77	0.0032
78	2.78	0.0034
79	2.79	0.0034
80	4.22	0.0228
81	4.23	0.0263
82	4.24	0.0280
83	4.25	0.0255
84	6.45	0.0585
85	6.45	0.0642
86	6.50	0.0357
87	6.51	0.0309
88	6.52	0.0356
89	6.52	0.0313
90	7.04	0.0494
91	7.05	0.0460

Table of Multiplets
No.	Shift1 (ppm)	Hs	Type	J (Hz)	Atom1		Multiplet1	 (ppm)
1	0.87		3	s	-	18		M12		0.85 .. 0.89
2	1.38		4	m	-	10 5 4 1	M11		1.25 .. 1.51
3	1.65		3	m	-	2 11 4	M10		1.63 .. 1.77
4	1.83		1	m	-	10		M09		1.82 .. 1.89
5	1.95		1	td	-	11		M08		1.93 .. 2.02
6	2.13		2	td	-	6		M07		2.11 .. 2.19
7	2.28		1	m	-	5		M06		2.27 .. 2.33
8	2.70		2	m	-	9		M05		2.69 .. 2.81
9	4.22		1	dd	-	12		M04		4.20 .. 4.27
10	6.45		1	d	2.59	17		M03		6.42 .. 6.47
11	6.50		1	dd	-	15		M02		6.48 .. 6.54
12	7.04		1	d	-	14		M01		7.02 .. 7.07

Table of Assignments
No.	Atom	Exp. Shift (ppm)	Multiplet
1	18	0.87			M12
2	10	1.38			M11
3	5	1.38			M11
4	4	1.38			M11
5	1	1.38			M11
6	2	1.65			M10
7	11	1.65			M10
8	4	1.65			M10
9	10	1.83			M09
10	11	1.95			M08
11	6	2.13			M07
12	5	2.28			M06
13	9	2.70			M05
14	12	4.22			M04
15	17	6.45			M03
16	15	6.50			M02
17	14	7.04			M01

