Table of Peaks
No.	(ppm)	Height
1	1.60	0.0196
2	1.62	0.0597
3	1.62	0.0317
4	1.63	0.0986
5	1.63	0.0825
6	1.64	0.1208
7	1.64	0.1237
8	1.65	0.1115
9	1.66	0.1448
10	1.67	0.1109
11	1.68	0.0438
12	1.68	0.0353
13	1.69	0.0962
14	1.70	0.0503
15	1.71	0.1317
16	1.71	0.1184
17	1.72	0.1119
18	1.72	0.1420
19	1.73	0.0889
20	1.73	0.1186
21	1.74	0.0855
22	1.76	0.0518
23	1.76	0.0141
24	1.77	0.0162
25	1.77	0.0097
26	1.78	0.0092
27	1.86	0.0174
28	1.87	0.0420
29	1.89	0.1308
30	1.89	0.1520
31	1.90	0.2403
32	1.90	0.3265
33	1.91	0.3392
34	1.92	0.2163
35	1.93	0.1092
36	1.94	0.0334
37	1.95	0.0108
38	3.22	0.4871
39	3.23	1.0000
40	3.25	0.4696
41	3.75	0.2733
42	3.76	0.5509
43	3.77	0.2686

Table of Multiplets
No.	Shift1 (ppm)	Hs	Type	J (Hz)	Atom1	Multiplet1	 (ppm)
1	1.60		2	m	-	7	M04		1.59 .. 1.79
2	1.91		2	m	-	6	M03		1.85 .. 1.97
3	3.23		2	t	6.88	8	M02		3.20 .. 3.27
4	3.76		1	t	6.11	4	M01		3.74 .. 3.79

Table of Assignments 
No.	Atom	Exp. Shift (ppm)	Multiplet
1	7	1.60			M04
2	6	1.91			M03
3	8	3.23			M02
4	4	3.76			M01
