Table of Peaks
No.	(ppm)	(Hz)	Height
1	0.85	507.8	0.3818
2	0.86	515.0	1.0000
3	0.87	522.0	0.3599
4	1.27	761.1	0.1100
5	1.28	766.8	0.2979
6	1.28	768.3	0.2498
7	1.29	770.7	0.4125
8	1.29	774.1	0.4719
9	1.29	775.8	0.2947
10	1.30	779.6	0.1472
11	1.30	781.9	0.1260
12	1.41	844.8	0.0532
13	1.42	852.0	0.1713
14	1.43	859.2	0.2468
15	1.44	866.6	0.1719
16	1.46	873.9	0.0494
17	2.13	1280.1	0.1139
18	2.14	1281.5	0.1153
19	2.15	1287.4	0.2937
20	2.15	1288.6	0.2947
21	2.16	1294.7	0.3056
22	2.16	1296.0	0.2873
23	2.17	1301.8	0.1121
24	2.17	1303.3	0.1081
25	5.78	3468.9	0.1286
26	5.79	3470.4	0.2561
27	5.79	3471.9	0.1292
28	5.81	3484.5	0.1413
29	5.81	3486.0	0.2736
30	5.82	3487.5	0.1353
31	6.62	3970.4	0.1062
32	6.63	3977.4	0.2177
33	6.64	3984.4	0.1107
34	6.65	3985.9	0.1059
35	6.66	3993.0	0.2052
36	6.67	3999.9	0.0975

Table of Multiplets
No.	Shift1 (ppm)	Hs	Type	J (Hz)	Atom1	Multiplet1	 (ppm)
1	0.86	3	t	7.09	10	M06	0.83 .. 0.89
2	1.29	4	m	-	9 8	M05	1.24 .. 1.34
3	1.43	2	t	7.29	7	M04	1.40 .. 1.46
4	2.15	2	q	7.27	6	M03	2.13 .. 2.18
5	5.80	1	dt	15.60 1.49	4	M02	5.77 .. 5.83
6	6.64	1	dt	15.58 6.98	5	M01	6.61 .. 6.68

Table of Assignments
No.	Atom	Exp. Shift (ppm)	Multiplet
1	10	0.86	M06
2	9	1.29	M05
3	8	1.29	M05
4	7	1.43	M04
5	6	2.15	M03
6	4	5.80	M02
7	5	6.64	M01
