Table of Peaks
No. 	(ppm) 	(Hz) 	Height
1 	3.48 	1737.6 	0.7069 	
2 	3.49 	1744.5 	0.8765 	
3 	3.49 	1746.8 	0.9798 	
4 	3.51 	1756.2 	1.0000 	
5 	3.57 	1782.3 	0.0993 	
6 	3.58 	1787.8 	0.1264 	
7 	3.59 	1792.4 	0.2126 	
8 	3.60 	1798.0 	0.3171 	
9 	3.60 	1801.8 	0.3846 	
10 	3.61 	1806.7 	0.4743 	
11 	3.62 	1810.3 	0.5343 	
12 	3.64 	1820.6 	0.8012 	
13 	3.65 	1822.8 	0.6171 	
14 	3.67 	1832.2 	0.7767 	
15 	3.68 	1837.6 	0.9222 	
16 	3.68 	1841.1 	0.3283 	
17 	3.70 	1849.4 	0.7387 	
18 	3.71 	1853.8 	0.5191 	
19 	3.72 	1858.9 	0.4429 	
20 	3.73 	1864.1 	0.3094 	
21 	3.74 	1869.3 	0.2134 	

Table of Multiplets
No. 	Shift1 (ppm) 	Hs 	Type 	Atom1 	Multiplet1 	 (ppm)
1 	3.65 	8 	m 	10 4 3 2 	M02 	3.56 .. 3.75
2 	3.49 	3 	m 	5 10 	M01 	3.46 .. 3.53

Table of Assignments
No. 	Atom 	Exp. Shift (ppm) 	Multiplet
1 	5 	3.49 	M01
2 	10 	3.49 	M01
3 	10 	3.65 	M02
4 	4 	3.65 	M02
5 	3 	3.65 	M02
6 	2 	3.65 	M02
