Table of Peaks

No. 	(ppm) 	(Hz) 	Height
1 	5.46 	2727.0 	0.5735 	
2 	5.45 	2723.6 	0.6313 	
3 	5.44 	2719.7 	0.6479 	
4 	5.43 	2716.2 	0.6251 	
5 	3.92 	1961.3 	0.2218 	
6 	3.92 	1959.2 	0.2898 	
7 	3.91 	1956.3 	0.3236 	
8 	3.91 	1954.1 	0.3417 	
9 	3.90 	1951.3 	0.3039 	
10 	3.90 	1949.1 	0.3511 	
11 	3.89 	1946.2 	0.3357 	
12 	3.89 	1944.0 	0.3880 	
13 	3.88 	1939.1 	0.4910 	
14 	3.88 	1936.9 	0.3824 	
15 	3.85 	1926.8 	0.6353 	
16 	3.85 	1924.6 	0.5627 	
17 	3.79 	1894.8 	0.4780 	
18 	3.77 	1885.4 	1.0000 	
19 	3.76 	1878.3 	0.6603 	
20 	3.75 	1876.0 	0.7636 	
21 	3.75 	1873.2 	0.6102 	
22 	3.73 	1866.1 	0.4121 	
23 	3.72 	1860.9 	0.3550 	
24 	3.49 	1745.7 	0.3661 	
25 	3.49 	1743.9 	0.4343 	
26 	3.49 	1742.3 	0.4475 	
27 	3.48 	1740.5 	0.4140 	
28 	3.47 	1736.0 	0.3644 	
29 	3.47 	1734.2 	0.3985 	
30 	3.47 	1732.6 	0.4009 	
31 	3.46 	1730.8 	0.3615 	
32 	3.41 	1705.2 	0.5384 	
33 	3.39 	1695.5 	0.7894 	
34 	3.37 	1686.0 	0.4582 	


Table of Multiplets

No. 	Shift1 (ppm) 	Hs 	Type 	J (Hz) 	Atom1 	Multiplet1 	 (ppm)
1 	5.45 	15 	dd 	7.37 3.43 	2 	M01 	5.42 .. 5.47
2 	3.91 	13 	m 	- 	3 	M02 	3.88 .. 3.94
3 	3.87 	12 	m 	- 	13 	M03 	3.83 .. 3.89
4 	3.75 	26 	m 	- 	4 	M04 	3.71 .. 3.80
5 	3.48 	13 	ddd 	9.70 3.41 1.85 	6 	M05 	3.44 .. 3.51
6 	3.39 	13 	t 	9.63 	5 	M06 	3.36 .. 3.42


Table of Assignments

No. 	Atom 	Exp. Shift (ppm) 	Multiplet
1 	2 	5.45 	M01
2 	3 	3.91 	M02
3 	13 	3.87 	M03
4 	4 	3.75 	M04
5 	6 	3.48 	M05
6 	5 	3.39 	M06
