Table of Peaks
No.	(ppm)	(Hz)	Height
1	1.926	1155.11	0.4898
2	2.880	1727.34	1.0000
3	3.257	1953.19	0.0116
4	3.266	1958.49	0.0137
5	3.273	1962.92	0.0140
6	3.278	1966.09	0.0169
7	3.282	1968.10	0.0163
8	3.287	1971.22	0.0154
9	3.294	1975.77	0.0162
10	3.303	1981.06	0.0141
11	3.508	2103.66	0.0134
12	3.517	2109.39	0.0166
13	3.524	2113.31	0.0166
14	3.529	2116.67	0.0148
15	3.533	2118.93	0.0173
16	3.539	2122.35	0.0135
17	3.545	2126.21	0.0147
18	3.555	2131.88	0.0123
19	3.869	2320.08	0.5613
20	4.061	2435.35	0.0123
21	4.070	2440.56	0.0137
22	4.077	2444.94	0.0130
23	4.085	2449.77	0.0226
24	4.093	2454.81	0.0127
25	4.100	2459.11	0.0136
26	4.109	2464.21	0.0112
27	5.198	3117.31	0.0294
28	5.211	3125.00	0.0881
29	5.224	3133.11	0.1179
30	5.237	3140.63	0.0458
31	7.037	4220.33	0.1180
32	7.052	4229.12	0.1251
33	7.439	4461.23	0.0163
34	7.445	4464.70	0.1208
35	7.448	4466.77	0.0342
36	7.456	4471.43	0.0352
37	7.459	4473.47	0.1116
38	7.464	4476.47	0.0096
39	7.468	4478.87	0.0275
40	7.470	4480.16	0.0280
41	7.481	4486.48	0.0488
42	7.483	4487.72	0.0502
43	7.494	4494.03	0.0304
44	7.496	4495.32	0.0303
45	7.507	4502.16	0.0045
46	7.509	4503.15	0.0040
47	7.612	4565.31	0.0339
48	7.614	4566.44	0.0352
49	7.626	4573.46	0.0554
50	7.628	4574.57	0.0518
51	7.668	4598.74	0.0303
52	7.671	4600.26	0.0315
53	7.681	4606.35	0.0368
54	7.683	4607.78	0.0390
55	7.694	4614.31	0.0174
56	7.697	4615.83	0.0175
57	7.827	4693.72	0.0463
58	7.829	4695.10	0.0463
59	7.839	4701.44	0.0440
60	7.842	4702.82	0.0416

Table of Multiplets
No.	Shift1 (ppm)	Hs	Type	J (Hz)	Atom1	Multiplet1	 (ppm)
1	1.926	3	s	-	28	M12	1.917 .. 1.936
2	2.880	6	s	-	29 25	M11	2.872 .. 2.886
3	3.280	1	ddd	12.86 9.72 5.29	23	M10	3.254 .. 3.307
4	3.531	1	ddd	12.95 9.56 5.71	23	M09	3.503 .. 3.559
5	3.869	3	s	-	27	M08	3.866 .. 3.872
6	4.085	1	ddd	14.32 9.39 5.15	22	M07	4.058 .. 4.113
7	5.217	1	m	-	3 2	M06	5.193 .. 5.243
8	7.045	2	d	8.79	13 17	M05	7.030 .. 7.059
9	7.473	3	m	-	16 14 9	M04	7.420 .. 7.512
10	7.620	1	dd	8.16 1.11	11	M03	7.608 .. 7.633
11	7.686	1	td	7.57 1.47	10	M02	7.659 .. 7.705
12	7.834	1	dd	7.72 1.38	8	M01	7.816 .. 7.853

Table of Assignments
No.	Atom	Exp. Shift (ppm)	Multiplet
1	28	1.926	M12
2	29	2.880	M11
3	25	2.880	M11
4	23	3.280	M10
5	23	3.531	M09
6	27	3.869	M08
7	22	4.085	M07
8	3	5.217	M06
9	2	5.217	M06
10	13	7.045	M05
11	17	7.045	M05
12	16	7.473	M04
13	14	7.473	M04
14	9	7.473	M04
15	11	7.620	M03
16	10	7.686	M02
17	8	7.834	M01
