8.598 8.582
8.486 8.472
8.46 8.225
8.43 8.413
8.266 8.249
8.242 8.227
8.21 8.195
8.197 8.177
8.136 8.122
7.225 7.213
7.149 7.139
6.949 4.783
6.939 5.971
6.939 6.929
6.937 5.95
6.347 4.799
6.227 4.982
6.216 4.592
6.216 6.208
6.215 4.947
6.186 4.805
6.105 6.094
6.038 6.029
6.037 4.405
6.037 4.451
5.97 2.753
5.97 6.929
5.969 5.951
5.969 5.971
5.968 2.707
5.968 2.809
5.968 2.855
5.968 4.787
5.839 4.798
5.774 4.793
5.589 4.8
5.213 4.798
5.206 5.196
5.121 5.114
5.017 5.009
4.975 4.28
4.971 6.094
4.958 4.949
4.957 6.208
4.956 4.383
4.955 4.592
4.903 4.208
4.895 4.245
4.803 4.8
4.802 6.929
4.798 5.97
4.797 2.753
4.797 2.81
4.797 5.95
4.782 4.753
4.766 4.164
4.766 4.177
4.766 4.214
4.598 4.383
4.597 4.205
4.597 4.591
4.597 6.207
4.596 4.281
4.596 4.947
4.595 4.177
4.595 4.31
4.493 4.493
4.447 4.451
4.441 6.022
4.439 6.029
4.389 6.202
4.387 4.947
4.385 4.592
4.384 4.248
4.383 4.892
4.382 4.384
4.379 4.178
4.378 4.207
4.373 4.282
4.319 4.493
4.295 4.307
4.293 4.59
4.288 4.281
4.28 4.383
4.275 4.983
4.253 4.249
4.237 3.99
4.237 4.893
4.221 4.309
4.219 4.383
4.21 4.212
4.209 4.59
4.201 4.77
4.198 4.752
4.188 4.178
4.183 4.166
4.044 4.223
4.043 4.039
3.651 1.176
3.65 3.655
3.648 1.193
3.648 3.638
3.646 1.157
2.81 2.71
2.801 4.808
2.789 6.928
2.785 2.809
2.784 2.752
2.784 5.971
2.779 4.782
2.775 5.95
2.744 2.85
2.198 2.207
2.184 4.798
2.149 2.142
1.17 3.62
1.17 3.656
1.168 1.175
1.168 3.638
1.166 1.158
