Table of Peaks
No. 	(ppm) 	(Hz) 	Height
1 	1.90 	947.3 	1.0000 	
2 	2.92 	1460.9 	0.1411 	
3 	2.94 	1467.6 	0.2881 	
4 	2.95 	1474.4 	0.1398 	
5 	3.45 	1725.1 	0.0760 	
6 	3.46 	1731.6 	0.1803 	
7 	3.48 	1737.9 	0.1638 	
8 	3.49 	1744.5 	0.0550 	
9 	3.89 	1942.3 	0.8683 	
10 	6.90 	3449.7 	0.0936 	
11 	6.91 	3452.1 	0.0913 	
12 	6.92 	3458.5 	0.1016 	
13 	6.92 	3460.9 	0.0988 	
14 	7.20 	3601.2 	0.2082 	
15 	7.21 	3603.5 	0.1957 	
16 	7.22 	3610.7 	0.2006 	
17 	7.41 	3705.4 	0.1757 	
18 	7.43 	3714.2 	0.1678 	

Table of Multiplets
No. 	Shift1 (ppm) 	Hs 	Type 	J (Hz) 	Atom1 	Multiplet1 	 (ppm)
1 	7.42 	1 	d 	8.83 	7 	M06 	7.41 .. 7.44
2 	7.22 	1 	s 	- 	9 	M08 	7.22 .. 7.23
3 	7.21 	2 	d 	2.29 	2 	M07 	7.20 .. 7.22
4 	6.91 	1 	dd 	8.83 2.38 	6 	M05 	6.90 .. 6.93
5 	3.89 	3 	s 	- 	16 	M01 	3.87 .. 3.90
6 	3.47 	3 	q 	6.54 	11 	M02 	3.44 .. 3.50
7 	2.94 	3 	t 	6.75 	10 	M03 	2.91 .. 2.96
8 	1.90 	4 	s 	- 	17 	M04 	1.88 .. 1.91

Table of Assignments
No. 	Atom 	Exp. Shift (ppm) 	Multiplet
1 	17 	1.90 	M04
2 	10 	2.94 	M03
3 	11 	3.47 	M02
4 	16 	3.89 	M01
5 	6 	6.91 	M05
6 	2 	7.21 	M07
7 	9 	7.22 	M08
8 	7 	7.42 	M06
