Table of Peaks
No.	(ppm)	(Hz)	Height
1	0.868	520.21	0.4103
2	0.880	527.65	0.8869
3	0.893	535.10	0.4390
4	0.993	595.06	0.4417
5	1.005	602.39	0.9208
6	1.017	609.72	0.4573
7	1.532	918.20	0.0385
8	1.544	925.58	0.1691
9	1.557	933.00	0.3263
10	1.569	940.39	0.3261
11	1.581	947.75	0.1694
12	1.593	955.11	0.0365
13	2.510	1504.65	0.2447
14	2.523	1512.04	0.4472
15	2.535	1519.29	0.2317
16	2.548	1527.09	0.1238
17	2.560	1534.40	0.3686
18	2.572	1541.73	0.3623
19	2.584	1549.09	0.1174

Table of Multiplets
No.	Shift1 (ppm)	Hs	Type	J (Hz)	Atom1	Multiplet1	 (ppm)
1	0.880	2	t	7.44	5	M05	0.864 .. 0.898
2	1.005	2	t	7.33	7	M04	0.989 .. 1.021
3	1.563	1	dq	14.75 7.36	4	M03	1.530 .. 1.596
4	2.522	2	t	7.32	3	M02	2.506 .. 2.540
5	2.566	2	q	7.32	6	M01	2.541 .. 2.592

Table of Assignments
No.	Atom	Exp. Shift (ppm)	Multiplet
1	5	0.880	M05
2	7	1.005	M04
3	4	1.563	M03
4	3	2.522	M02
5	6	2.566	M01
