Table of Peaks
No.	(ppm)	Height
1	0.98	0.0335
2	1.00	0.0335
3	1.02	0.0043
4	1.03	0.0057
5	1.05	0.0131
6	1.05	0.0143
7	1.06	0.0355
8	1.07	0.0163
9	1.08	0.0302
10	1.09	0.0051
11	1.11	0.0038
12	1.11	0.0041
13	1.13	0.0092
14	1.13	0.0095
15	1.17	0.1949
16	1.21	0.1513
17	1.27	0.0013
18	1.27	0.0015
19	1.28	0.0024
20	1.30	0.0038
21	1.30	0.0074
22	1.32	0.0120
23	1.32	0.0124
24	1.34	0.0181
25	1.34	0.0145
26	1.36	0.0173
27	1.37	0.0191
28	1.37	0.0291
29	1.38	0.0104
30	1.39	0.0277
31	1.41	0.0118
32	1.43	0.0244
33	1.43	0.0238
34	1.44	0.0342
35	1.46	0.0303
36	1.48	0.0357
37	1.50	0.0305
38	1.58	0.0083
39	1.59	0.0110
40	1.60	0.0115
41	1.61	0.0230
42	1.61	0.0237
43	1.63	0.0302
44	1.64	0.0161
45	1.64	0.0210
46	1.65	0.0186
47	1.66	0.0085
48	1.66	0.0086
49	1.67	0.0103
50	1.67	0.0118
51	1.68	0.0161
52	1.69	0.0162
53	1.70	0.0198
54	1.70	0.0191
55	1.71	0.0112
56	1.72	0.0140
57	1.74	0.0041
58	1.74	0.0036
59	1.77	0.0080
60	1.78	0.0144
61	1.78	0.0129
62	1.79	0.0171
63	1.80	0.0195
64	1.81	0.0146
65	1.81	0.0138
66	1.82	0.0124
67	1.82	0.0117
68	1.83	0.0122
69	1.83	0.0147
70	1.84	0.0153
71	1.85	0.0106
72	1.85	0.0105
73	1.86	0.0109
74	1.91	0.0088
75	1.91	0.0098
76	1.92	0.0084
77	1.92	0.0075
78	1.93	0.0080
79	1.93	0.0083
80	1.99	0.0110
81	2.00	0.0105
82	2.01	0.0106
83	2.02	0.0076
84	2.08	0.0072
85	2.08	0.0107
86	2.09	0.0321
87	2.10	0.0324
88	2.10	0.0318
89	2.11	0.0234
90	2.11	0.0250
91	2.12	0.0302
92	2.12	0.0280
93	2.13	0.0148
94	2.13	0.0111
95	2.15	0.0214
96	2.15	0.0248
97	2.18	0.0250
98	2.18	0.0294
99	2.22	0.0328
100	2.23	0.0268
101	2.23	0.0271
102	2.23	0.0304
103	2.24	0.0215
104	2.24	0.0305
105	2.25	0.0357
106	2.37	0.0078
107	2.37	0.0080
108	2.38	0.0089
109	2.38	0.0089
110	2.39	0.0141
111	2.40	0.0136
112	2.42	0.0286
113	2.43	0.0261
114	2.44	0.0339
115	2.45	0.0267
116	2.47	0.0378
117	2.48	0.0270
118	2.51	0.0251
119	2.52	0.0197
120	2.53	0.0138
121	2.84	0.0186
122	2.86	0.0276
123	2.87	0.0152
124	3.16	0.0150
125	3.17	0.0169
126	3.18	0.0191
127	3.19	0.0167
128	3.28	0.0197
129	3.29	0.0231
130	3.30	0.0279
131	3.31	0.0534
132	4.03	0.0172
133	4.04	0.0161
134	4.06	0.0247
135	4.07	0.0249
136	4.15	0.0254
137	4.16	0.0241
138	4.18	0.0157
139	4.19	0.0147
140	4.43	0.0315
141	4.44	0.0289
142	4.62	0.0069
143	4.63	0.0114
144	4.64	0.0046
145	4.84	0.0302
146	4.85	0.0272
147	5.26	0.0606
148	5.62	0.1014

Table of Multiplets
No.	Shift1 (ppm)	Hs	Type	Atom1			Multiplet1	 (ppm)
1	0.98		1	d	32			M21		0.95 .. 1.01
2	1.02		3	m	38 5 19		M20		1.01 .. 1.14
3	1.17		3	s	50			M19		1.15 .. 1.19
4	1.21		3	s	25			M18		1.19 .. 1.23
5	1.27		3	m	20 37 11		M17		1.26 .. 1.40
6	1.42		4	m	21 7 30 34		M16		1.40 .. 1.51
7	1.58		5	m	13 44 31 36 6	M15		1.56 .. 1.75
8	1.77		3	m	20 37 38		M14		1.75 .. 1.88
9	1.91		1	m	19			M13		1.88 .. 1.95
10	1.99		1	dd	21			M12		1.97 .. 2.04
11	2.08		5	m	13 36 44 18 39	M11		2.05 .. 2.20
12	2.24		3	m	14 43 11		M10		2.20 .. 2.28
13	2.37		6	m	14 43 18 39 9 34	M09		2.34 .. 2.55
14	2.84		1	t	35			M08		2.81 .. 2.89
15	3.16		2	ddd	22			M07		3.13 .. 3.31
16	4.03		2	ddd	51			M06		4.00 .. 4.22
17	4.43		1	d	33			M05		4.40 .. 4.46
18	4.62		0	s	4			M04		4.60 .. 4.65
19	4.84		1	s	28			M03		4.82 .. 4.87
20	5.26		1	s	2			M02		5.23 .. 5.28
21	5.62		2	s	16 41			M01		5.59 .. 5.65

Table of Assignments
No.	Atom	Exp. Shift (ppm)	Multiplet
1	32	0.98			M21
2	38	1.02			M20
3	5	1.02			M20
4	19	1.02			M20
5	50	1.17			M19
6	25	1.21			M18
7	20	1.27			M17
8	37	1.27			M17
9	11	1.27			M17
10	21	1.42			M16
11	7	1.42			M16
12	30	1.42			M16
13	34	1.42			M16
14	13	1.58			M15
15	44	1.58			M15
16	31	1.58			M15
17	36	1.58			M15
18	6	1.58			M15
19	20	1.77			M14
20	37	1.77			M14
21	38	1.77			M14
22	19	1.91			M13
23	21	1.99			M12
24	13	2.08			M11
25	36	2.08			M11
26	44	2.08			M11
27	18	2.08			M11
28	39	2.08			M11
29	14	2.24			M10
30	43	2.24			M10
31	11	2.24			M10
32	14	2.37			M09
33	43	2.37			M09
34	18	2.37			M09
35	39	2.37			M09
36	9	2.37			M09
37	34	2.37			M09
38	35	2.84			M08
39	22	3.16			M07
40	51	4.03			M06
41	33	4.43			M05
42	4	4.62			M04
43	28	4.84			M03
44	2	5.26			M02
45	16	5.62			M01
46	41	5.62			M01

