Table of Peaks

No. 	(ppm) 	(Hz) 	Height
1 	7.17 	3584.6 	0.2609 	
2 	7.16 	3576.3 	0.2672 	
3 	6.64 	3318.9 	0.2129 	
4 	6.62 	3310.9 	0.1914 	
5 	6.57 	3282.8 	0.3643 	
6 	2.84 	1420.1 	0.0981 	
7 	2.82 	1409.9 	0.2539 	
8 	2.81 	1405.0 	0.2389 	
9 	2.61 	1304.4 	0.3912 	
10 	2.37 	1185.4 	0.1346 	
11 	2.36 	1180.9 	0.1474 	
12 	2.35 	1176.5 	0.1488 	
13 	2.34 	1171.6 	0.2000 	
14 	2.32 	1157.5 	0.0664 	
15 	2.24 	1118.9 	0.0601 	
16 	2.23 	1115.6 	0.0635 	
17 	2.22 	1107.8 	0.1164 	
18 	2.20 	1097.7 	0.0694 	
19 	2.06 	1029.3 	0.0618 	
20 	2.05 	1026.0 	0.0662 	
21 	2.03 	1015.8 	0.1106 	
22 	2.03 	1014.1 	0.1110 	
23 	2.01 	1003.8 	0.0612 	
24 	2.00 	1000.4 	0.0572 	
25 	1.92 	959.4 	0.1146 	
26 	1.91 	956.2 	0.1096 	
27 	1.89 	942.9 	0.1486 	
28 	1.86 	931.8 	0.0978 	
29 	1.86 	929.4 	0.0940 	
30 	1.83 	913.6 	0.0362 	
31 	1.80 	902.2 	0.0846 	
32 	1.79 	896.6 	0.0836 	
33 	1.79 	893.2 	0.0934 	
34 	1.77 	884.8 	0.0570 	
35 	1.76 	880.7 	0.0585 	
36 	1.74 	871.5 	0.1511 	
37 	1.74 	869.0 	0.1532 	
38 	1.72 	858.0 	0.1963 	
39 	1.70 	849.4 	0.1045 	
40 	1.68 	838.6 	0.0562 	
41 	1.52 	761.4 	0.0355 	
42 	1.52 	757.7 	0.0375 	
43 	1.50 	748.2 	0.0891 	
44 	1.49 	745.2 	0.0857 	
45 	1.47 	732.3 	0.1172 	
46 	1.44 	722.1 	0.1651 	
47 	1.42 	710.4 	0.1987 	
48 	1.40 	700.5 	0.1507 	
49 	1.38 	689.4 	0.1031 	
50 	1.36 	682.2 	0.0927 	
51 	1.36 	677.9 	0.0749 	
52 	1.34 	670.6 	0.0660 	
53 	1.32 	659.0 	0.0240 	
54 	0.89 	444.6 	1.0000 	


Table of Multiplets

No. 	Shift1 (ppm) 	Hs 	Type 	J (Hz) 	Atom1 	Multiplet1 	 (ppm)
1 	7.16 	6 	d 	8.33 	14 	M01 	7.12 .. 7.22
2 	6.63 	6 	d 	8.01 	15 	M02 	6.59 .. 6.71
3 	6.57 	5 	br. s. 	- 	17 	M03 	6.50 .. 6.59
4 	2.84 	8 	m 	- 	11 	M04 	2.74 .. 2.92
5 	2.61 	4 	s 	- 	20 	M05 	2.56 .. 2.66
6 	2.35 	8 	m 	- 	8 6 	M06 	2.30 .. 2.41
7 	2.22 	4 	m 	- 	5a 	M07 	2.16 .. 2.26
8 	2.03 	4 	m 	- 	8 	M08 	1.99 .. 2.10
9 	1.89 	7 	m 	- 	10 7 	M09 	1.84 .. 1.94
10 	1.79 	4 	m 	- 	9 	M10 	1.76 .. 1.84
11 	1.72 	8 	m 	- 	3a 7 	M11 	1.66 .. 1.76
12 	1.42 	16 	m 	- 	10 9 4a 6 	M12 	1.30 .. 1.54
13 	0.89 	11 	s 	- 	21 	M13 	0.85 .. 0.92


Table of Assignments

No. 	Atom 	Exp. Shift (ppm) 	Multiplet
1 	14 	7.16 	M01
2 	15 	6.63 	M02
3 	17 	6.57 	M03
4 	11 	2.84 	M04
5 	20 	2.61 	M05
6 	6 	2.35 	M06
7 	8 	2.35 	M06
8 	5a 	2.22 	M07
9 	8 	2.03 	M08
10 	7 	1.89 	M09
11 	10 	1.89 	M09
12 	9 	1.79 	M10
13 	7 	1.72 	M11
14 	3a 	1.72 	M11
15 	6 	1.42 	M12
16 	4a 	1.42 	M12
17 	9 	1.42 	M12
18 	10 	1.42 	M12
19 	21 	0.89 	M13
