Table of Peaks

No. 	(ppm) 	(Hz) 	Height
1 	7.04 	3517.5 	0.7466 	
2 	7.03 	3516.2 	0.7849 	
3 	6.96 	3478.3 	0.2866 	
4 	6.94 	3470.1 	1.0000 	
5 	6.93 	3464.7 	0.6257 	
6 	6.93 	3463.2 	0.5940 	
7 	6.92 	3456.4 	0.1743 	
8 	6.91 	3454.9 	0.1749 	
9 	6.12 	3059.0 	0.6247 	
10 	6.12 	3056.9 	0.8159 	
11 	6.09 	3043.7 	0.7353 	
12 	6.09 	3041.7 	0.6435 	
13 	4.95 	2471.9 	0.2135 	
14 	4.32 	2158.4 	0.3040 	
15 	2.93 	1464.9 	0.1230 	
16 	2.92 	1461.3 	0.1813 	
17 	2.91 	1453.8 	0.1027 	
18 	2.90 	1447.9 	0.2176 	
19 	2.89 	1445.8 	0.1958 	
20 	2.89 	1443.9 	0.2071 	
21 	2.79 	1392.3 	0.2253 	
22 	2.78 	1390.7 	0.2314 	
23 	2.75 	1375.4 	0.1461 	
24 	2.75 	1373.7 	0.1440 	


Table of Multiplets

No. 	Shift1 (ppm) 	Hs 	Type 	J (Hz) 	Atom1 	Multiplet1 	 (ppm)
1 	7.04 	2 	d 	1.24 	12 	M01 	7.02 .. 7.05
2 	6.93 	3 	m 	- 	15 16 	M02 	6.89 .. 6.98
3 	6.12 	2 	d 	2.10 	7 	M03 	6.10 .. 6.14
4 	6.09 	1 	d 	1.97 	9 	M04 	6.07 .. 6.10
5 	4.95 	1 	m 	- 	2 	M05 	4.93 .. 4.97
6 	4.32 	1 	m 	- 	3 	M06 	4.28 .. 4.35
7 	2.91 	1 	m 	- 	4 	M07 	2.86 .. 2.95
8 	2.77 	1 	m 	- 	4 	M08 	2.72 .. 2.81


Table of Assignments

No. 	Atom 	Exp. Shift (ppm) 	Multiplet
1 	12 	7.04 	M01
2 	16 	6.93 	M02
3 	15 	6.93 	M02
4 	7 	6.12 	M03
5 	9 	6.09 	M04
6 	2 	4.95 	M05
7 	3 	4.32 	M06
8 	4 	2.91 	M07
9 	4 	2.77 	M08
