Table of Peaks
No.	(ppm)	(Hz)	Height
2	6.50	3251.2	0.8700
3	6.54	3267.2	1.0000
4	7.38	3687.3	0.5784
5	7.40	3700.9	0.0880
6	7.41	3703.3	0.5874
7	7.42	3708.0	0.2365
8	7.42	3708.6	0.2472
9	7.42	3711.1	0.1075
10	7.43	3713.3	0.2586
11	7.43	3714.9	0.5482
12	7.44	3717.4	0.6620
13	7.44	3719.0	0.3046
14	7.45	3723.4	0.2724
15	7.45	3724.9	0.7189
16	7.46	3729.7	0.1041
17	7.47	3731.4	0.2109
18	7.47	3733.7	0.1718
19	7.61	3802.6	0.0626
20	7.61	3805.2	0.6339
21	7.61	3806.2	0.6608
22	7.62	3806.6	0.6941
23	7.62	3811.0	0.1871
24	7.63	3812.8	0.5878
25	7.63	3813.1	0.5866
26	7.63	3814.4	0.4880
27	7.63	3814.8	0.5078

Table of Multiplets
No.	Shift1 (ppm)	Hs	Type	J (Hz)		Atom1		Multiplet1	 (ppm)
1	6.52		1	d	16.06		8		M03		6.49 .. 6.55
2	7.43		4	m	-		4 3 5 7	M02		7.36 .. 7.49
3	7.62		2	dt	8.17 0.74	6 2		M01		7.59 .. 7.65

Table of Assignments
No.	Atom	Exp. Shift (ppm)	Multiplet
1	8	6.52			M03
2	4	7.43			M02
3	3	7.43			M02
4	5	7.43			M02
5	7	7.43			M02
6	6	7.62			M01
7	2	7.62			M01
