Table of Peaks
No. 	(ppm) 	(Hz) 	Height
1 	0.72 	358.4 	0.8554 	
2 	0.87 	432.4 	1.0000 	
3 	0.88 	438.9 	0.8995 	
4 	0.91 	456.2 	0.5538 	
5 	0.93 	462.6 	0.5337 	
6 	1.01 	504.4 	0.2502 	
7 	1.03 	515.6 	0.1921 	
8 	1.04 	521.0 	0.1472 	
9 	1.10 	547.6 	0.2984 	
10 	1.12 	558.1 	0.3654 	
11 	1.13 	566.0 	0.3472 	
12 	1.16 	580.6 	0.2890 	
13 	1.17 	585.0 	0.2819 	
14 	1.19 	594.1 	0.9619 	
15 	1.25 	623.3 	0.0744 	
16 	1.27 	635.6 	0.1237 	
17 	1.29 	646.6 	0.1353 	
18 	1.34 	667.6 	0.2351 	
19 	1.38 	688.3 	0.1188 	
20 	1.39 	696.2 	0.1092 	
21 	1.42 	709.4 	0.0937 	
22 	1.51 	756.2 	0.2882 	
23 	1.54 	768.2 	0.2230 	
24 	1.57 	782.6 	0.2645 	
25 	1.60 	799.2 	0.0898 	
26 	1.62 	808.4 	0.0747 	
27 	1.67 	833.6 	0.0560 	
28 	1.68 	838.4 	0.0540 	
29 	1.70 	847.6 	0.0930 	
30 	1.70 	851.9 	0.0775 	
31 	1.72 	861.4 	0.0516 	
32 	1.73 	866.0 	0.0401 	
33 	1.83 	916.8 	0.1540 	
34 	1.85 	922.8 	0.1359 	
35 	1.85 	926.7 	0.1308 	
36 	1.86 	929.5 	0.1226 	
37 	2.01 	1007.0 	0.1452 	
38 	2.02 	1009.9 	0.1545 	
39 	2.03 	1013.0 	0.1464 	
40 	2.05 	1022.7 	0.1112 	
41 	2.26 	1127.2 	0.0887 	
42 	2.28 	1141.6 	0.1223 	
43 	2.32 	1161.6 	0.0870 	
44 	2.36 	1178.3 	0.1906 	
45 	2.39 	1195.2 	0.1522 	
46 	2.42 	1210.1 	0.1089 	
47 	2.45 	1226.9 	0.0314 	
48 	2.46 	1231.7 	0.0226 	
49 	5.73 	2863.5 	0.2196 	

Table of Multiplets
No. 	Shift1 (ppm) 	Hs 	Type 	J (Hz) 	Atom1 	Multiplet1 	 (ppm)
1 	0.72 	2 	s 	- 	18 	M01 	0.68 .. 0.73
2 	0.87 	5 	d 	6.52 	24 28 	M02 	0.85 .. 0.89
3 	0.92 	3 	d 	6.41 	27 	M03 	0.89 .. 0.94
4 	1.07 	8 	m 	- 	6 4a 20 2a 10 7 22 21 	M12 	0.97 .. 1.17
5 	1.19 	2 	s 	- 	26 	M07 	1.17 .. 1.21
6 	1.33 	4 	m 	- 	8 20 21 19 	M11 	1.23 .. 1.44
7 	1.55 	5 	m 	- 	5 23 3a 9 	M10 	1.46 .. 1.64
8 	1.70 	1 	td 	13.86 4.72 	16 	M09 	1.65 .. 1.74
9 	1.85 	2 	m 	- 	10 8 	M06 	1.77 .. 1.91
10 	2.03 	2 	m 	- 	16 6 	M05 	1.97 .. 2.07
11 	2.37 	4 	m 	- 	11 15 	M04 	2.22 .. 2.48
12 	5.73 	1 	s 	- 	13 	M08 	5.69 .. 5.77

Table of Assignments
No. 	Atom 	Exp. Shift (ppm) 	Multiplet
1 	18 	0.72 	M01
2 	24 	0.87 	M02
3 	28 	0.87 	M02
4 	27 	0.92 	M03
5 	6 	1.07 	M12
6 	4a 	1.07 	M12
7 	20 	1.07 	M12
8 	2a 	1.07 	M12
9 	10 	1.07 	M12
10 	7 	1.07 	M12
11 	22 	1.07 	M12
12 	21 	1.07 	M12
13 	26 	1.19 	M07
14 	8 	1.33 	M11
15 	20 	1.33 	M11
16 	21 	1.33 	M11
17 	19 	1.33 	M11
18 	5 	1.55 	M10
19 	23 	1.55 	M10
20 	3a 	1.55 	M10
21 	9 	1.55 	M10
22 	16 	1.70 	M09
23 	10 	1.85 	M06
24 	8 	1.85 	M06
25 	16 	2.03 	M05
26 	6 	2.03 	M05
27 	11 	2.37 	M04
28 	15 	2.37 	M04
29 	13 	5.73 	M08
