Table of Peaks

No. 	(ppm) 	(Hz) 	Height
1 	5.60 	2797.6 	0.0161 	
2 	5.58 	2790.3 	0.0423 	
3 	5.57 	2783.1 	0.0433 	
4 	5.55 	2775.7 	0.0157 	
5 	3.85 	1926.7 	0.0175 	
6 	3.84 	1917.7 	0.0228 	
7 	3.83 	1912.2 	0.0299 	
8 	3.81 	1903.8 	0.0259 	
9 	3.72 	1858.2 	0.0497 	
10 	3.69 	1844.3 	0.0365 	
11 	3.20 	1599.5 	1.0000 	
12 	2.70 	1347.4 	0.0746 	
13 	2.68 	1341.0 	0.0828 	
14 	2.44 	1217.7 	0.0057 	
15 	2.42 	1209.6 	0.0139 	
16 	2.40 	1200.9 	0.0205 	
17 	2.39 	1193.1 	0.0310 	
18 	2.37 	1184.8 	0.0265 	
19 	2.35 	1176.0 	0.0325 	
20 	2.34 	1168.0 	0.0220 	
21 	2.32 	1159.3 	0.0159 	
22 	2.30 	1151.9 	0.0078 	
23 	1.24 	622.1 	0.6071 	
24 	0.84 	417.4 	0.0720 	
25 	0.82 	411.2 	0.1806 	
26 	0.81 	404.2 	0.0809 	


Table of Multiplets

No. 	Shift1 (ppm) 	Hs 	Type 	J (Hz) 	Atom1 	Multiplet1 	 (ppm)
1 	5.58 	3 	dt 	7.34 	4 	M01 	5.54 .. 5.61
2 	3.83 	2 	m 	- 	5 	M02 	3.80 .. 3.87
3 	3.70 	2 	d 	13.82 	5 	M03 	3.68 .. 3.74
4 	3.20 	19 	s 	- 	25 7 26 	M04 	3.19 .. 3.22
5 	2.69 	4 	d 	6.41 	23 	M05 	2.67 .. 2.71
6 	2.37 	4 	m 	- 	8 	M06 	2.30 .. 2.44
7 	1.24 	44 	m 	- 	11 10 9 12 13 14 15 16 17 18 19 20 21 	M07 	1.21 .. 1.30
8 	0.82 	6 	t 	6.59 	22 	M08 	0.79 .. 0.85


Table of Assignments

No. 	Atom 	Exp. Shift (ppm) 	Multiplet
1 	4 	5.58 	M01
2 	5 	3.83 	M02
3 	5 	3.70 	M03
4 	26 	3.20 	M04
5 	7 	3.20 	M04
6 	25 	3.20 	M04
7 	23 	2.69 	M05
8 	8 	2.37 	M06
9 	16 	1.24 	M07
10 	17 	1.24 	M07
11 	18 	1.24 	M07
12 	19 	1.24 	M07
13 	20 	1.24 	M07
14 	21 	1.24 	M07
15 	15 	1.24 	M07
16 	14 	1.24 	M07
17 	13 	1.24 	M07
18 	12 	1.24 	M07
19 	9 	1.24 	M07
20 	10 	1.24 	M07
21 	11 	1.24 	M07
22 	22 	0.82 	M08
