Table of Peaks
No.	(ppm)	Height
1	0.89	0.1046
2	0.90	0.2182
3	0.92	0.0888
4	1.29	0.0121
5	1.29	0.0157
6	1.30	0.0201
7	1.30	0.0239
8	1.30	0.0221
9	1.30	0.0316
10	1.31	0.0490
11	1.32	0.0763
12	1.32	0.0766
13	1.33	0.1137
14	1.33	0.0609
15	1.34	0.0265
16	1.34	0.0275
17	1.34	0.0295
18	1.35	0.0160
19	1.36	0.0110
20	1.61	0.0139
21	1.63	0.0404
22	1.64	0.0604
23	1.65	0.0466
24	1.66	0.0167
25	2.41	0.0506
26	2.41	0.0532
27	2.42	0.0869
28	2.42	0.0913
29	2.43	0.0486
30	2.43	0.0507
31	9.77	0.0395
32	9.77	0.0791
33	9.77	0.0436

Table of Multiplets
No.	Shift1 (ppm)	Hs	Type	J (Hz)		Atom1		Multiplet1	 (ppm)
1	0.90		3	t	7.02		7		M05		0.89 .. 0.93
2	1.33		4	m	-		5 6		M04		1.27 .. 1.38
3	1.64		2	m	-		4		M03		1.60 .. 1.67
4	2.42		2	td	7.40 1.87	3		M02		2.40 .. 2.44
5	9.77		1	t	-		2a		M01		9.76 .. 9.78

Table of Assignments
No.	Atom	Exp. Shift (ppm)	Multiplet
1	7	0.90			M05
2	5	1.33			M04
3	6	1.33			M04
4	4	1.64			M03
5	3	2.42			M02
6	2a	9.77			M01

