Table of Peaks

No. 	(ppm) 	(Hz) 	Height
1 	7.33 	3664.5 	0.1328 	
2 	7.32 	3656.9 	0.3361 	
3 	7.30 	3649.3 	0.2843 	
4 	7.27 	3633.7 	0.5778 	
5 	7.25 	3621.4 	0.4614 	
6 	7.24 	3617.3 	0.2321 	
7 	7.23 	3614.2 	0.3443 	
8 	7.22 	3609.8 	0.2211 	
9 	7.21 	3602.4 	0.0960 	
10 	3.32 	1661.1 	0.0094 	
11 	3.31 	1654.0 	0.0585 	
12 	3.29 	1646.7 	0.1189 	
13 	3.28 	1639.3 	0.1272 	
14 	3.27 	1632.1 	0.0746 	
15 	3.25 	1625.0 	0.0191 	
16 	2.71 	1355.0 	0.1108 	
17 	2.70 	1348.2 	0.1104 	
18 	2.68 	1339.5 	0.2301 	
19 	2.67 	1332.6 	0.2270 	
20 	2.62 	1309.8 	0.2380 	
21 	2.60 	1301.6 	0.2319 	
22 	2.59 	1294.3 	0.1320 	
23 	2.57 	1286.1 	0.1241 	
24 	1.34 	671.7 	0.9732 	
25 	1.33 	664.7 	1.0000 	


Table of Multiplets

No. 	Shift1 (ppm) 	Hs 	Type 	J (Hz) 	Atom1 	Multiplet1 	 (ppm)
1 	7.26 	42 	m 	- 	4 5 3 2 6 	M01 	7.16 .. 7.36
2 	3.29 	6 	m 	- 	7 	M02 	3.23 .. 3.33
3 	2.69 	8 	m 	- 	9 	M03 	2.65 .. 2.73
4 	2.60 	10 	m 	- 	9 	M04 	2.55 .. 2.64
5 	1.34 	26 	d 	7.00 	8 	M05 	1.30 .. 1.37


Table of Assignments

No. 	Atom 	Exp. Shift (ppm) 	Multiplet
1 	6 	7.26 	M01
2 	2 	7.26 	M01
3 	3 	7.26 	M01
4 	5 	7.26 	M01
5 	4 	7.26 	M01
6 	7 	3.29 	M02
7 	9 	2.69 	M03
8 	9 	2.60 	M04
9 	8 	1.34 	M05
