Table of Peaks
No.	(ppm)	Height
1	3.57	0.1694
2	3.59	0.4187
3	3.59	0.1973
4	3.61	0.3566
5	3.61	0.4661
6	3.63	0.3868
7	3.65	0.2077
8	3.66	0.2141
9	3.67	0.1315
10	3.67	0.0870
11	3.67	0.0381
12	3.67	0.1477
13	3.68	0.1380
14	3.68	0.0492
15	3.69	0.1103
16	3.71	0.5260
17	3.73	0.6244
18	3.74	0.2440
19	3.75	0.2327
20	3.75	0.1988

Table of Multiplets
No.	Shift1 (ppm)	Hs	Type	Atom1	Multiplet1	 (ppm)
1	3.61		2	m	2 4	M03		3.57 .. 3.63
2	3.67		1	m	3	M02		3.64 .. 3.70
3	3.72		2	m	2 5	M01		3.71 .. 3.76
		
Table of Assignments
No.	Atom	Exp. Shift (ppm)	Multiplet
1	2	3.61			M03
2	4	3.61			M03
3	3	3.67			M02
4	2	3.72			M01
5	5	3.72			M01

