Table of Peaks
No.	(ppm)	Height
1	1.55	0.2381
2	1.57	0.2276
3	2.38	0.5683
4	2.63	0.0976
5	3.38	0.0176
6	3.39	0.0270
7	3.40	0.0503
8	3.41	0.0677
9	3.42	0.0471
10	3.43	0.0493
11	3.43	0.0655
12	3.44	0.0415
13	3.45	0.0236
14	3.46	0.0131
15	4.39	0.0296
16	4.39	0.0293
17	4.41	0.0385
18	4.41	0.0338
19	4.54	0.0415
20	4.54	0.0397
21	4.56	0.0309
22	4.56	0.0298
23	4.72	0.0015
24	4.72	0.0027
25	4.73	0.0051
26	4.73	0.0084
27	4.74	0.0050
28	4.74	0.0050
29	4.74	0.0072
30	4.75	0.0040
31	4.76	0.0016
32	4.76	0.0007
33	7.57	0.1063
34	7.59	0.1045
35	8.77	0.2080

Table of Multiplets
No.	Shift1 (ppm)	Hs	Type	J (Hz)	Atom1	Multiplet1	 (ppm)
1	1.56		3	d	6.88	14		M09	1.53 .. 1.58
2	2.38		3	s	-	26		M08	2.36 .. 2.40
3	2.63		4	br. s.	-	22 20		M07	2.57 .. 2.69
4	3.42		4	m	-	23 19		M06	3.35 .. 3.48
5	4.39		1	dd	-	2		M05	4.36 .. 4.43
6	4.54		1	dd	-	2		M04	4.51 .. 4.58
7	4.72		0	m	-	3		M03	4.70 .. 4.78
8	7.58		1	d	12.24	13		M02	7.55 .. 7.60
9	8.77		1	s	-	5		M01	8.76 .. 8.79

Table of Assignments
No.	Atom	Exp. Shift (ppm)	Multiplet
1	14	1.56		M09
2	26	2.38		M08
3	22	2.63		M07
4	20	2.63		M07
5	23	3.42		M06
6	19	3.42		M06
7	2	4.39		M05
8	2	4.54		M04
9	3	4.72		M03
10	13	7.58		M02
11	5	8.77		M01

