Table of Peaks
No.	(ppm)	Height
1	0.67	0.6768
2	1.07	0.0157
3	1.08	0.0186
4	1.09	0.0318
5	1.10	0.0323
6	1.11	0.0283
7	1.12	0.0267
8	1.14	0.0135
9	1.15	0.0166
10	1.16	0.0116
11	1.16	0.0350
12	1.17	0.0383
13	1.18	0.0312
14	1.19	0.0439
15	1.20	0.0387
16	1.21	0.0365
17	1.22	0.0264
18	1.23	0.0386
19	1.24	0.0322
20	1.25	0.0420
21	1.25	0.0295
22	1.26	0.0348
23	1.27	0.0503
24	1.28	0.0169
25	1.29	0.0357
26	1.30	0.0159
27	1.30	0.0142
28	1.31	0.0275
29	1.32	0.0281
30	1.34	0.0256
31	1.34	0.0300
32	1.35	0.0162
33	1.36	0.0204
34	1.36	0.0340
35	1.37	0.0215
36	1.38	0.0203
37	1.39	0.0273
38	1.39	0.0114
39	1.40	0.0102
40	1.41	0.0099
41	1.55	0.0104
42	1.55	0.0115
43	1.56	0.0228
44	1.57	0.0249
45	1.57	0.0212
46	1.58	0.0234
47	1.58	0.0220
48	1.59	0.0131
49	1.59	0.0115
50	1.60	0.0097
51	1.74	0.0227
52	1.75	0.0215
53	1.75	0.0269
54	1.76	0.0197
55	1.76	0.0179
56	1.76	0.0240
57	1.77	0.0223
58	1.77	0.0233
59	1.83	0.0220
60	1.83	0.0416
61	1.84	0.0282
62	1.85	0.0344
63	1.85	0.0435
64	1.86	0.0340
65	1.86	0.0257
66	1.87	0.0242
67	1.88	0.0241
68	1.89	0.0228
69	1.89	0.0187
70	1.90	0.0112
71	1.91	0.0082
72	2.05	0.0165
73	2.06	0.0188
74	2.07	0.0325
75	2.09	0.0189
76	2.09	0.0163
77	2.25	0.0112
78	2.26	0.0251
79	2.26	0.0258
80	2.27	0.0145
81	2.27	0.0145
82	2.28	0.0252
83	2.28	0.0235
84	2.29	0.0103
85	2.59	0.0102
86	2.60	0.0128
87	2.61	0.0402
88	2.61	0.0428
89	2.62	0.0598
90	2.63	0.0277
91	2.64	0.0229
92	2.65	0.0263
93	2.66	0.0081
94	2.67	0.0071
95	2.68	0.0070
96	3.50	0.0282
97	3.51	0.0595
98	3.53	0.0346
99	3.54	0.0072
100	3.71	1.0000
101	6.44	0.2276
102	6.76	0.1882

Table of Multiplets
No.	Atom	Exp. Shift (ppm)	Multiplet
1	18	0.67			M13
2	5	1.11			M12
3	9	1.27			M11
4	10	1.27			M11
5	4	1.27			M11
6	6	1.27			M11
7	8	1.27			M11
8	3	1.27			M11
9	4	1.55			M10
10	10	1.74			M09
11	9	1.83			M08
12	3	1.83			M08
13	7	2.05			M07
14	8	2.25			M06
15	11	2.62			M05
16	2	3.51			M04
17	21	3.71			M03
18	17	6.44			M02
19	14	6.76			M01

Table of Assignments
No.	Shift1 (ppm)	Hs	Type	Atom1			Multiplet1	 (ppm)
1	0.67		3	s	18			M13		0.64 .. 0.69
2	1.11		1	m	5			M12		1.06 .. 1.13
3	1.27		6	m	9 10 4 6 8 3	M11		1.14 .. 1.42
4	1.55		1	m	4			M10		1.53 .. 1.62
5	1.74		1	m	10			M09		1.72 .. 1.80
6	1.83		2	m	9 3			M08		1.81 .. 1.93
7	2.05		1	m	7			M07		2.03 .. 2.12
8	2.25		1	m	8			M06		2.23 .. 2.31
9	2.62		2	m	11			M05		2.57 .. 2.70
10	3.51		1	m	2			M04		3.48 .. 3.55
11	3.71		3	s	21			M03		3.68 .. 3.73
12	6.44		1	s	17			M02		6.41 .. 6.46
13	6.76		1	s	14			M01		6.74 .. 6.78

