DUoptxwinnmr USERreza NAMEBiostandards_13C_corr EXPNO15 PROCNO1
F1226.044ppm F2-23.057ppm MI3.80cm MAXI10000.00cm PC0.500
          ADDRESS            FREQUENCY         INTENSITY
                           Hz        PPM
     1     16462.2    10151.745     100.8994        22.89
     2     16467.4    10147.748     100.8597        31.64
     3     16738.6     9940.341      98.7983        31.78
     4     17249.1     9549.833      94.9170        18.17
     5     19387.7     7914.173      78.6599        32.43
     6     19600.5     7751.405      77.0422        32.26
     7     19624.8     7732.832      76.8576        32.04
     8     19775.1     7617.825      75.7145        18.46
     9     19973.3     7466.251      74.2080        18.52
    10     20048.9     7408.463      73.6336        44.72
    11     20159.7     7323.692      72.7911        18.73
    12     20214.5     7281.755      72.3743        18.66
    13     20231.0     7269.175      72.2492        57.29
    14     20268.1     7240.792      71.9671        46.10
    15     20369.3     7163.354      71.1974        34.50
    16     20700.1     6910.388      68.6832        13.06
    17     20712.3     6901.042      68.5903        21.42
    18     21338.0     6422.473      63.8337        38.24
    19     29735.0       -0.029      -0.0003         3.93
