Table of Peaks
No.	(ppm)	Height
1	0.93	0.4709
2	0.94	1.0000
3	0.95	0.4996
4	1.64	0.0155
5	1.65	0.0318
6	1.65	0.0456
7	1.66	0.0796
8	1.66	0.0492
9	1.67	0.1156
10	1.68	0.1071
11	1.68	0.0878
12	1.69	0.0829
13	1.70	0.0277
14	1.71	0.0249
15	1.72	0.0271
16	1.73	0.0921
17	1.74	0.1453
18	1.75	0.1386
19	1.77	0.0936
20	1.78	0.0547
21	1.79	0.0144
22	1.91	0.0361
23	1.92	0.0564
24	1.92	0.0763
25	1.93	0.0406
26	1.94	0.0832
27	1.94	0.0472
28	1.94	0.0650
29	1.94	0.0850
30	1.95	0.0409
31	1.96	0.0934
32	1.96	0.0461
33	1.97	0.0428
34	2.34	0.0378
35	2.35	0.0421
36	2.36	0.0414
37	2.36	0.0475
38	2.36	0.0592
39	2.37	0.0558
40	2.37	0.0495
41	2.37	0.0638
42	2.37	0.0426
43	2.38	0.0546
44	2.38	0.0661
45	2.38	0.0466
46	2.38	0.0388
47	2.39	0.0447
48	2.39	0.0404
49	2.40	0.0412
50	2.58	0.0295
51	2.58	0.0354
52	2.59	0.0278
53	2.60	0.0335
54	2.61	0.1314
55	2.61	0.1176
56	2.62	0.1957
57	2.62	0.1490
58	2.63	0.1101
59	2.64	0.2481
60	2.65	0.1092
61	2.65	0.1215
62	2.67	0.0650
63	2.68	0.0324
64	4.62	0.0584
65	4.63	0.0743
66	4.64	0.0739
67	4.65	0.0562

Table of Multiplets
No.	Shift1 (ppm)	Hs	Type	J (Hz)		Atom1		Multiplet1	 (ppm)
1	0.94			3	t	7.46	7		M06		0.92 .. 0.97
2	1.71		2	m	-		6		M05		1.61 .. 1.81
3	1.94		1	m	-		3		M04		1.90 .. 1.98
4	2.37		1	m	-		3		M03		2.32 .. 2.42
5	2.63		3	m	-		4		M02		2.55 .. 2.71
6	4.63		1	m	-		2		M01		4.59 .. 4.69

Table of Assignments
No.	Atom	Exp. Shift (ppm)	Multiplet
1	7	0.94		M06
2	6	1.71		M05
3	3	1.94		M04
4	3	2.37		M03
5	4	2.63		M02
6	2	4.63		M01

