Table of Peaks
No.	(ppm)	(Hz)	Height
1	2.000	1198.87	0.3399
2	2.398	1437.61	1.0000
3	2.874	1722.87	0.9123
4	3.327	1993.86	0.0057
5	3.333	1997.67	0.0088
6	3.337	2000.22	0.0061
7	3.344	2004.31	0.0107
8	3.349	2007.44	0.0361
9	3.356	2011.28	0.0503
10	3.360	2013.64	0.0667
11	3.365	2017.15	0.0647
12	3.369	2019.24	0.0491
13	3.375	2023.03	0.0399
14	3.381	2026.56	0.0088
15	3.388	2030.52	0.0059
16	3.392	2032.85	0.0098
17	3.398	2036.53	0.0067
18	3.551	2128.45	0.0189
19	3.558	2132.40	0.0205
20	3.561	2134.46	0.0226
21	3.568	2138.49	0.0213
22	3.571	2140.22	0.0296
23	3.577	2144.03	0.0277
24	3.581	2146.45	0.0299
25	3.587	2150.26	0.0211
26	3.667	2198.22	0.0248
27	3.674	2201.93	0.0303
28	3.678	2204.73	0.0265
29	3.685	2208.49	0.0270
30	3.687	2209.94	0.0239
31	3.694	2213.89	0.0226
32	3.698	2216.36	0.0191
33	3.704	2220.26	0.0157
34	7.363	4413.29	0.0402
35	7.368	4416.07	0.0737
36	7.370	4417.22	0.0879
37	7.371	4418.32	0.0734
38	7.376	4421.17	0.0804
39	7.378	4422.27	0.1054
40	7.380	4423.67	0.1009
41	7.382	4424.74	0.0738
42	7.386	4426.88	0.0582
43	7.389	4428.63	0.0613
44	7.390	4429.73	0.0588
45	7.408	4440.27	0.0593
46	7.416	4445.10	0.7315
47	7.423	4449.05	0.2847
48	7.607	4559.43	0.0613
49	7.609	4560.42	0.0985
50	7.610	4561.36	0.0655
51	7.620	4567.53	0.0678
52	7.622	4568.49	0.1053
53	7.624	4569.42	0.0675
54	7.867	4715.59	0.0532
55	7.870	4717.40	0.0549
56	7.881	4723.55	0.0765
57	7.884	4725.33	0.0747
58	7.894	4731.26	0.0454
59	7.897	4733.04	0.0436
60	8.437	5057.12	0.0617
61	8.439	5057.95	0.0706
62	8.440	5058.85	0.0723
63	8.442	5059.70	0.0664
64	8.445	5062.06	0.0626
65	8.447	5062.91	0.0687
66	8.448	5063.79	0.0643
67	8.450	5064.64	0.0558

Table of Multiplets
No.	Shift1 (ppm)	Hs	Type	J (Hz)	Atom1	Multiplet1	 (ppm)
1	2.000	3	s	-	13	M10	1.977 .. 2.021
2	2.398	6	s	-	12 20	M09	2.378 .. 2.420
3	3.362	2	td	5.89 3.81	10	M08	3.320 .. 3.404
4	3.569	1	ddd	11.79 6.14 3.88	9	M07	3.539 .. 3.597
5	3.686	1	ddd	11.77 6.46 3.80	9	M06	3.652 .. 3.714
6	7.379	2	m	6.25 5.01 1.28 1.12	16 18	M05	7.361 .. 7.393
7	7.416	4	s	-	5 19 15 17	M04	7.403 .. 7.431
8	7.615	1	dt	8.07 0.96	3	M03	7.596 .. 7.634
9	7.882	1	td	7.83 1.80	4	M02	7.858 .. 7.905
10	8.443	1	ddd	4.95 1.74 0.84	6	M01	8.426 .. 8.459

Table of Assignments
No.	Atom	Exp. Shift (ppm)	Multiplet
1	13	2.000	M10
2	12	2.398	M09
3	20	2.398	M09
4	10	3.362	M08
5	9	3.569	M07
6	9	3.686	M06
7	16	7.379	M05
8	18	7.379	M05
9	5	7.416	M04
10	19	7.416	M04
11	15	7.416	M04
12	17	7.416	M04
13	3	7.615	M03
14	4	7.882	M02
15	6	8.443	M01
