Table of Peaks
No. 	(ppm) 	(Hz) 	Height
1 	3.05 	1523.5 	0.0998 	
2 	3.06 	1529.8 	0.2261 	
3 	3.07 	1536.0 	0.1154 	
4 	3.91 	1956.1 	0.0258 	
5 	3.92 	1961.7 	0.0677 	
6 	3.94 	1967.3 	0.0676 	
7 	3.95 	1973.0 	0.0275 	
8 	7.11 	3554.9 	0.1578 	
9 	7.13 	3565.1 	0.0572 	
10 	7.15 	3572.5 	0.1273 	
11 	7.16 	3580.0 	0.0889 	
12 	7.21 	3605.1 	0.0680 	
13 	7.23 	3612.9 	0.1187 	
14 	7.24 	3620.1 	0.0641 	
15 	7.27 	3635.4 	0.3473 	
16 	7.39 	3692.5 	0.1384 	
17 	7.40 	3700.6 	0.1140 	
18 	7.63 	3815.5 	0.1227 	
19 	7.65 	3823.4 	0.1168 	

Table of Multiplets
No. 	Shift1 (ppm) 	Hs 	Type 	Atom1 	Multiplet1 	 (ppm)
1 	3.06 	1 	dt 	10 	M06 	3.04 .. 3.09
2 	3.93 	1 	dt 	11 	M07 	3.91 .. 3.95
3 	7.11 	1 	s 	2 	M05 	7.10 .. 7.12
4 	7.15 	1 	t 	8 	M04 	7.13 .. 7.17
5 	7.23 	1 	t 	7 	M03 	7.21 .. 7.25
6 	7.39 	1 	d 	6 	M02 	7.37 .. 7.41
7 	7.64 	1 	d 	9 	M01 	7.63 .. 7.66

Table of Assignments
No. 	Atom 	Exp. Shift (ppm) 	Multiplet
1 	10 	3.06 	M06
2 	11 	3.93 	M07
3 	2 	7.11 	M05
4 	8 	7.15 	M04
5 	7 	7.23 	M03
6 	6 	7.39 	M02
7 	9 	7.64 	M01
