Table of Peaks
No.	(ppm)	Height
1	1.93	1.0000
2	1.94	0.3367
3	1.95	0.2353
4	2.00	0.9862
5	2.04	0.9260
6	2.17	0.8879
7	2.42	0.1954
8	2.43	0.2790
9	2.44	0.1801
10	3.99	0.3128
11	5.29	0.0946
12	5.31	0.0893
13	5.31	0.1020
14	5.62	0.1357
15	5.63	0.1500
16	5.65	0.1799
17	5.65	0.1726
18	6.09	0.6045
19	6.20	0.0863
20	6.20	0.0875
21	6.23	0.1015
22	6.23	0.1040
23	6.56	0.0965
24	6.58	0.0926
25	6.59	0.0837
26	6.61	0.0779
27	6.80	0.0837
28	6.82	0.0827
29	6.83	0.0808
30	6.85	0.0775

Table of Multiplets
No.	Shift1 (ppm)	Hs	Type	J (Hz)		Atom1		Multiplet1	 (ppm)
1	1.95		7	none	-		33 23 35	M12		1.88 .. 1.97
2	2.00		3	s	-		26		M11		1.97 .. 2.02
3	2.04		3	s	-		42		M10		2.02 .. 2.07
4	2.17		3	s	-		7		M09		2.12 .. 2.21
5	2.42		4	br. s.	-		22 34		M08		2.36 .. 2.48
6	3.99		2	br. s.	-		16		M07		3.94 .. 4.05
7	5.30		1	dd	-		9		M06		5.25 .. 5.35
8	5.64		2	dd	-		41		M05		5.59 .. 5.68
9	6.09		2	s	-		10 27		M04		6.05 .. 6.13
10	6.21		1	dd	17.55 2.48	9		M03		6.17 .. 6.26

Table of Assignments
No.	Atom	Exp. Shift (ppm)	Multiplet
1	27	1.95		M12
2	17	1.95		M12
3	29	1.95		M12
4	15	2.00		M11
5	39	2.04		M10
6	6	2.17		M09
7	16	2.42		M08
8	28	2.42		M08
9	21	3.99		M07
10	8	5.30		M06
11	42	5.64		M05
12	9	6.09		M04
13	33	6.09		M04
14	8	6.21		M03
15	7	6.58		M02
16	41	6.82		M01
