Table of Peaks
No. 	(ppm) 	(Hz) 	Height
1 	-0.00 	-0.0 	1.0000 	
2 	3.50 	2098.0 	0.1149 	
3 	3.51 	2105.9 	0.1402 	
4 	3.52 	2107.8 	0.1551 	
5 	3.53 	2115.6 	0.1434 	
6 	3.64 	2182.4 	0.0543 	
7 	3.64 	2184.8 	0.0648 	
8 	3.66 	2192.1 	0.1537 	
9 	3.66 	2195.5 	0.2024 	
10 	3.67 	2201.7 	0.2549 	
11 	3.68 	2205.3 	0.1316 	
12 	3.68 	2208.5 	0.0201 	
13 	3.69 	2213.7 	0.1886 	
14 	3.69 	2214.6 	0.1721 	
15 	3.71 	2220.9 	0.0142 	
16 	3.71 	2226.3 	0.0127 	
17 	3.79 	2273.7 	0.0145 	
18 	3.80 	2277.1 	0.0130 	
19 	3.81 	2285.4 	0.0578 	
20 	3.82 	2289.0 	0.0569 	
21 	3.83 	2295.2 	0.0851 	
22 	3.84 	2298.8 	0.0874 	
23 	3.88 	2322.9 	0.0745 	
24 	3.88 	2326.2 	0.0782 	
25 	3.89 	2332.5 	0.1804 	
26 	3.89 	2334.6 	0.1706 	
27 	3.91 	2345.6 	0.1116 	
28 	3.92 	2347.6 	0.1284 	
29 	3.95 	2368.0 	0.1703 	
30 	3.99 	2391.9 	0.0130 	
31 	3.99 	2393.5 	0.0118 	
32 	4.00 	2398.4 	0.0165 	
33 	4.01 	2405.5 	0.0926 	
34 	4.02 	2408.5 	0.1618 	
35 	4.04 	2420.9 	0.0774 	
36 	4.04 	2422.3 	0.0696 	
37 	4.05 	2427.5 	0.0119 	
38 	4.06 	2431.6 	0.0117 	
39 	4.52 	2706.6 	0.2245 	
40 	4.53 	2714.3 	0.2155 	
41 	5.24 	3142.3 	0.1173 	
42 	5.25 	3145.9 	0.1173 	
43 	5.26 	3151.0 	0.0215 	
44 	5.30 	3179.2 	0.0109 	
45 	5.31 	3183.7 	0.0108 	

Table of Multiplets
No. 	Shift1 (ppm) 	Hs 	Type 	J (Hz) 	Atom1 	Multiplet1 	 (ppm)
1 	3.51 	2 	dd 	9.70 7.83 	3 	M08 	3.45 .. 3.57
2 	3.68 	4 	m 	- 	16 4 6 	M07 	3.61 .. 3.73
3 	3.82 	1 	dd 	9.78 3.57 	13 	M06 	3.80 .. 3.85
4 	3.90 	3 	m 	- 	15 6 	M05 	3.86 .. 3.93
5 	3.95 	2 	m 	- 	5 	M04 	3.93 .. 3.97
6 	4.02 	2 	m 	- 	14 16 	M03 	3.97 .. 4.07
7 	4.52 	1 	d 	7.75 	2 	M02 	4.47 .. 4.57
8 	5.25 	1 	d 	3.57 	12 	M01 	5.24 .. 5.25

Table of Assignments
No. 	Atom 	Exp. Shift (ppm) 	Multiplet
1 	3 	3.51 	M08
2 	16 	3.68 	M07
3 	4 	3.68 	M07
4 	6 	3.68 	M07
5 	13 	3.82 	M06
6 	15 	3.90 	M05
7 	6 	3.90 	M05
8 	5 	3.95 	M04
9 	14 	4.02 	M03
10 	16 	4.02 	M03
11 	2 	4.52 	M02
12 	12 	5.25 	M01
