Table of Peaks
No. 	(ppm) 	(Hz) 	Height
1 	1.123 	561.4 	3.9601 	
2 	1.136 	567.9 	4.0000 	
3 	3.416 	1707.3 	0.6150 	
4 	3.429 	1714.1 	0.6554 	
5 	3.439 	1718.8 	0.9644 	
6 	3.452 	1725.7 	1.0215 	
7 	3.521 	1759.9 	1.0117 	
8 	3.529 	1763.9 	1.0713 	
9 	3.544 	1771.5 	0.6545 	
10 	3.552 	1775.6 	0.6708 	
11 	3.842 	1920.4 	0.0943 	
12 	3.851 	1924.6 	0.1150 	
13 	3.855 	1926.9 	0.3652 	
14 	3.863 	1931.0 	0.3824 	
15 	3.868 	1933.5 	0.5524 	
16 	3.876 	1937.5 	0.5272 	
17 	3.881 	1940.0 	0.3952 	
18 	3.889 	1944.1 	0.3392 	
19 	3.902 	1950.6 	0.0881 	


Table of Multiplets
No. 	Shift1 (ppm) 	Hs 	Type 	J (Hz) 	Atom1 	Multiplet1 	 (ppm)
1 	1.130 	35 	d 	6.451 	5 	M01 	1.099 .. 1.158
2 	3.434 	14 	dd 	- 	3 	M02 	3.404 .. 3.467
3 	3.537 	16 	dd 	- 	3 	M03 	3.505 .. 3.564
4 	3.870 	13 	m 	- 	2 	M04 	3.829 .. 3.912



Table of Assignments
No. 	Atom 	Exp. Shift (ppm) 	Multiplet
1 	5 	1.130 	M01
2 	3 	3.434 	M02
3 	3 	3.537 	M03
4 	2 	3.870 	M04
