Table of Peaks
No.	(ppm)	(Hz)	Height
1	-0.00	-0.0	0.1531
2	1.15	574.9	0.0186
3	1.15	575.2	0.0204
4	1.16	577.3	1.0000
5	1.16	581.1	0.0083
6	1.16	581.4	0.0089
7	1.16	581.6	0.0093
8	1.17	583.6	0.9819
9	1.86	928.2	0.0122
10	1.86	928.4	0.0133
11	1.86	928.5	0.0137
12	1.91	953.9	0.0197
13	1.94	969.1	0.0442
14	1.97	985.7	0.1453
15	1.97	985.8	0.1463
16	1.99	992.8	0.1123
17	2.23	1116.0	0.0320
18	2.24	1118.2	0.0178
19	2.24	1118.6	0.0205
20	2.24	1118.8	0.0212
21	2.24	1119.8	0.0271
22	2.24	1120.2	0.0304
23	2.24	1120.4	0.0307
24	2.31	1154.6	0.0146
25	2.32	1157.5	0.0151
26	2.32	1159.3	0.0110
27	3.51	1752.7	0.0411
28	3.52	1759.7	0.0763
29	3.54	1767.3	0.0336
30	3.54	1767.6	0.0290
31	3.54	1767.9	0.0261
32	3.55	1776.5	0.0481
33	3.59	1793.6	0.0190
34	3.59	1793.8	0.0198
35	3.59	1794.0	0.0185
36	3.65	1824.5	0.0617
37	3.94	1968.2	0.3378
38	4.00	1999.3	0.0388
39	4.01	2005.4	0.0499
40	4.02	2011.6	0.0350
41	4.31	2152.4	0.0203


Table of Multiplets
No.	Shift1 (ppm)	Hs	Type	J (Hz)	Multiplet1	 (ppm)
1	1.16	4	m	-	M01	1.15 .. 1.17
2	1.92	1	m	-	M02	1.89 .. 1.94
3	1.97	1	d	0.16	M03	1.95 .. 1.98
4	1.99	1	s	-	M04	1.98 .. 2.01
5	2.24	1	m	-	M05	2.21 .. 2.26
6	3.55	2	m	-	M06	3.49 .. 3.60
7	3.94	1	s	-	M07	3.93 .. 3.94
