Table of Peaks
No.	(ppm)	Height
1	2.85	1.0000
2	6.96	0.0059
3	6.96	0.0123
4	6.96	0.0070
5	6.97	0.0115
6	6.97	0.0270
7	6.97	0.0134
8	6.98	0.0072
9	6.98	0.0144
10	6.98	0.0078
11	7.05	0.0033
12	7.05	0.0053
13	7.06	0.0365
14	7.06	0.0440
15	7.06	0.0226
16	7.06	0.0133
17	7.07	0.0124
18	7.07	0.0224
19	7.07	0.0496
20	7.07	0.0393
21	7.07	0.0076
22	7.08	0.0061
23	7.35	0.0040
24	7.36	0.0402
25	7.36	0.0131
26	7.36	0.0131
27	7.37	0.0049
28	7.37	0.0171
29	7.37	0.0444
30	7.37	0.0234
31	7.37	0.0212
32	7.37	0.0432
33	7.37	0.0193
34	7.38	0.0052
35	7.38	0.0111
36	7.38	0.0108
37	7.38	0.0351
38	7.39	0.0038

Table of Multiplets
No.	Shift1 (ppm)	Hs	Type	Atom1		Multiplet1	 (ppm)
1	2.85		6	s	8 9		M04		2.84 .. 2.86
2	6.96		1	tt	4		M03		6.95 .. 6.99
3	7.05		2	m	2 6		M02		7.05 .. 7.08
4	7.35		2	m	3 5		M01		7.35 .. 7.39

Table of Assignments
No.	Atom	Exp. Shift (ppm)	Multiplet
1	8	2.85			M04
2	9	2.85			M04
3	4	6.96			M03
4	2	7.05			M02
5	6	7.05			M02
6	3	7.35			M01
7	5	7.35			M01

