Table of Peaks

No. 	(ppm) 	(Hz) 	Height
1 	8.47 	4233.1 	0.0397 	
2 	8.47 	4232.7 	0.0396 	
3 	8.46 	4228.8 	0.0468 	
4 	8.46 	4228.0 	0.0470 	
5 	7.85 	3924.0 	0.0202 	
6 	7.85 	3922.9 	0.0225 	
7 	7.83 	3916.1 	0.0522 	
8 	7.83 	3915.2 	0.0524 	
9 	7.82 	3908.8 	0.0312 	
10 	7.82 	3907.2 	0.0313 	
11 	7.45 	3723.1 	0.0876 	
12 	7.43 	3715.2 	0.0777 	
13 	7.40 	3698.3 	0.0987 	
14 	7.38 	3689.9 	0.1736 	
15 	7.36 	3676.6 	0.0506 	
16 	7.34 	3669.6 	0.2268 	
17 	7.32 	3661.1 	0.1167 	
18 	4.26 	2128.4 	0.0210 	
19 	4.24 	2120.6 	0.0499 	
20 	4.23 	2112.7 	0.0315 	
21 	3.09 	1546.4 	0.0501 	
22 	3.08 	1538.2 	0.0833 	
23 	3.06 	1529.8 	0.0747 	
24 	2.86 	1430.5 	1.0000 	
25 	2.67 	1332.9 	0.0065 	
26 	2.65 	1325.8 	0.0112 	
27 	2.65 	1325.1 	0.0113 	
28 	2.65 	1323.0 	0.0112 	
29 	2.65 	1322.6 	0.0111 	
30 	2.65 	1322.3 	0.0111 	
31 	2.64 	1319.6 	0.0181 	
32 	2.63 	1316.9 	0.0146 	
33 	2.63 	1316.0 	0.0141 	
34 	2.63 	1314.8 	0.0157 	
35 	2.63 	1312.1 	0.0321 	
36 	2.62 	1308.6 	0.0133 	
37 	2.61 	1303.8 	0.0267 	
38 	2.60 	1299.3 	0.0064 	
39 	2.60 	1298.4 	0.0058 	
40 	2.59 	1295.6 	0.0112 	
41 	2.55 	1276.9 	0.0107 	
42 	2.54 	1268.5 	0.0289 	
43 	2.53 	1263.6 	0.0132 	
44 	2.52 	1260.5 	0.0317 	
45 	2.51 	1256.2 	0.0169 	
46 	2.51 	1253.8 	0.0167 	
47 	2.51 	1252.7 	0.0166 	
48 	2.50 	1249.5 	0.0126 	
49 	2.50 	1249.1 	0.0130 	
50 	2.50 	1248.5 	0.0128 	
51 	2.49 	1246.5 	0.0140 	
52 	2.48 	1239.2 	0.0089 	


Table of Multiplets

No. 	Shift1 (ppm) 	Hs 	Type 	J (Hz) 	Atom1 	Multiplet1 	 (ppm)
1 	8.46 	1 	dd 	4.51 0.62 	6 	M01 	8.42 .. 8.52
2 	7.83 	1 	ddd 	7.73 1.33 	4 	M02 	7.77 .. 7.90
3 	7.44 	3 	m 	- 	5 	M03 	7.42 .. 7.50
4 	7.39 	2 	m 	- 	17 13 	M04 	7.37 .. 7.41
5 	7.34 	3 	m 	- 	3 14 16 	M05 	7.28 .. 7.37
6 	4.24 	1 	t 	7.82 	7 	M06 	4.20 .. 4.29
7 	3.08 	2 	m 	- 	9 	M07 	3.02 .. 3.13
8 	2.86 	5 	s 	- 	18 11 	M08 	2.84 .. 2.88
9 	2.63 	1 	m 	- 	8 	M09 	2.57 .. 2.68
10 	2.51 	1 	m 	- 	8 	M10 	2.46 .. 2.57


Table of Assignments

No. 	Atom 	Exp. Shift (ppm) 	Multiplet
1 	6 	8.46 	M01
2 	4 	7.83 	M02
3 	5 	7.44 	M03
4 	13 	7.39 	M04
5 	17 	7.39 	M04
6 	16 	7.34 	M05
7 	3 	7.34 	M05
8 	14 	7.34 	M05
9 	7 	4.24 	M06
10 	9 	3.08 	M07
11 	11 	2.86 	M08
12 	18 	2.86 	M08
13 	8 	2.63 	M09
14 	8 	2.51 	M10
