Table of Peaks
No.	(ppm)	(Hz)	Height
1	0.868	521.15	0.0509
2	0.880	528.30	0.1093
3	0.892	535.23	0.0503
4	1.254	752.94	1.0000
5	1.284	770.88	0.0501
6	1.284	771.10	0.0500
7	1.297	778.75	0.0388
8	1.308	785.46	0.0273
9	1.321	793.11	0.0213
10	1.336	802.24	0.0207
11	1.346	808.24	0.0135
12	1.608	965.16	0.0086
13	1.621	972.86	0.0234
14	1.633	980.29	0.0319
15	1.645	987.55	0.0221
16	1.657	994.98	0.0079
17	2.336	1402.12	0.0407
18	2.348	1409.71	0.0697
19	2.361	1417.20	0.0411

Table of Multiplets
No.	Shift1 (ppm)	Hs	Type	J (Hz)	Atom1							Multiplet1	 (ppm)
1	0.88		3	t	7.04	22							M06	0.86 .. 0.91
2	1.25		30	s	-	19 18 17 16 15 14 13 12 11 10 9 8 7 6 20	M05	1.23 .. 1.27
3	1.28		6	m	-	21							M04	1.27 .. 1.31
4	1.34		3	m	-	5							M03	1.31 .. 1.37
5	1.64		2	m	-	4							M02	1.60 .. 1.67
6	2.34		2	t	-	3							M01	2.32 .. 2.38

Table of Assignments
No.	Atom	Exp. Shift (ppm)	Multiplet
1	22	0.88	M06
2	19	1.25	M05
3	18	1.25	M05
4	17	1.25	M05
5	16	1.25	M05
6	15	1.25	M05
7	14	1.25	M05
8	13	1.25	M05
9	12	1.25	M05
10	11	1.25	M05
11	10	1.25	M05
12	9	1.25	M05
13	8	1.25	M05
14	7	1.25	M05
15	6	1.25	M05
16	20	1.25	M05
17	21	1.28	M04
18	5	1.34	M03
19	4	1.64	M02
20	3	2.34	M01