Table of Peaks
No.	(ppm)	Height
1	0.87	0.0997
2	0.88	0.2100
3	0.89	0.0829
4	1.25	0.9900
5	1.28	0.0786
6	1.29	0.0622
7	1.30	0.0513
8	1.31	0.0336
9	1.32	0.0280
10	1.33	0.0233
11	1.34	0.0268
12	1.34	0.0160
13	1.35	0.0161
14	1.61	0.0158
15	1.62	0.0376
16	1.63	0.0488
17	1.64	0.0323
18	1.66	0.0115
19	2.34	0.0805
20	2.35	0.1268
21	2.36	0.0743

Table of Multiplets
No.	Shift1 (ppm)	Hs	Type	J (Hz)	Atom1						Multiplet1	 (ppm)
1	0.88		3	t	7.04	19						M04		0.86 .. 0.90
2	1.25		26	m	-	18 17 16 15 14 13 12 11 10 9 8 7 6	M03		1.21 .. 1.37
3	1.61		2	quin	-	5						M02		1.60 .. 1.67
4	2.35		2	t	7.54	4						M01		2.33 .. 2.37
		
Table of Assignments
No.	Atom	Exp. Shift (ppm)	Multiplet
1	19	0.88			M04
2	18	1.25			M03
3	17	1.25			M03
4	16	1.25			M03
5	15	1.25			M03
6	14	1.25			M03
7	13	1.25			M03
8	12	1.25			M03
9	11	1.25			M03
10	10	1.25			M03
11	9	1.25			M03
12	8	1.25			M03
13	7	1.25			M03
14	6	1.25			M03
15	5	1.61			M02
16	4	2.35			M01

