Table of Peaks

No. 	(ppm) 	(Hz) 	Height
1 	5.54 	3318.4 	0.0045 	
2 	5.52 	3311.2 	0.0086 	
3 	5.52 	3309.0 	0.0065 	
4 	5.52 	3307.6 	0.0078 	
5 	5.51 	3304.1 	0.0057 	
6 	5.51 	3300.4 	0.0146 	
7 	5.49 	3293.4 	0.0086 	
8 	5.48 	3286.4 	0.0085 	
9 	5.47 	3279.4 	0.0141 	
10 	5.46 	3275.5 	0.0048 	
11 	5.46 	3272.1 	0.0067 	
12 	5.45 	3268.5 	0.0069 	
13 	5.44 	3261.3 	0.0033 	
14 	2.21 	1325.2 	0.0250 	
15 	2.20 	1317.7 	0.0425 	
16 	2.19 	1310.1 	0.0270 	
17 	2.09 	1253.6 	0.0086 	
18 	2.08 	1246.4 	0.0237 	
19 	2.07 	1239.3 	0.0280 	
20 	2.06 	1234.8 	0.0255 	
21 	2.05 	1227.9 	0.0235 	
22 	2.04 	1220.7 	0.0082 	
23 	1.63 	978.3 	0.0063 	
24 	1.62 	970.8 	0.0187 	
25 	1.61 	963.3 	0.0264 	
26 	1.59 	955.8 	0.0168 	
27 	1.58 	948.3 	0.0050 	
28 	1.37 	822.7 	0.0026 	
29 	1.36 	816.5 	0.0078 	
30 	1.36 	815.9 	0.0078 	
31 	1.36 	815.2 	0.0080 	
32 	1.35 	809.5 	0.0142 	
33 	1.34 	801.9 	0.0148 	
34 	1.33 	795.0 	0.0128 	
35 	1.32 	789.0 	0.0134 	
36 	1.31 	783.6 	0.0168 	
37 	1.30 	779.1 	0.0235 	
38 	1.28 	770.2 	0.0463 	
39 	1.26 	753.5 	0.0023 	
40 	0.88 	526.9 	0.0187 	
41 	0.87 	520.1 	0.0515 	
42 	0.86 	513.1 	0.0211 	


Table of Multiplets

No. 	Shift1 (ppm) 	Hs 	Type 	J (Hz) 	Atom1 	Multiplet1 	 (ppm)
1 	5.52 	4 	m 	- 	8 	M01 	5.49 .. 5.57
2 	5.46 	3 	m 	- 	7 	M02 	5.43 .. 5.49
3 	2.20 	6 	t 	7.58 	4 	M03 	2.17 .. 2.23
4 	2.06 	11 	m 	- 	9 6 	M04 	2.02 .. 2.11
5 	1.61 	5 	m 	- 	5 	M05 	1.57 .. 1.65
6 	1.33 	21 	m 	- 	13 12 11 10 	M06 	1.23 .. 1.41
7 	0.87 	7 	t 	- 	14 	M07 	0.82 .. 0.91


Table of Assignments

No. 	Shift1 (ppm) 	Hs 	Type 	J (Hz) 	Atom1 	Multiplet1 	 (ppm)
1 	5.52 	4 	m 	- 	8 	M01 	5.49 .. 5.57
2 	5.46 	3 	m 	- 	7 	M02 	5.43 .. 5.49
3 	2.20 	6 	t 	7.58 	4 	M03 	2.17 .. 2.23
4 	2.06 	11 	m 	- 	9 6 	M04 	2.02 .. 2.11
5 	1.61 	5 	m 	- 	5 	M05 	1.57 .. 1.65
6 	1.33 	21 	m 	- 	13 12 11 10 	M06 	1.23 .. 1.41
7 	0.87 	7 	t 	- 	14 	M07 	0.82 .. 0.91
