Table of Peaks
No. 	(ppm) 	(Hz) 	Height
1 	2.86 	1427.2 	0.4536 	
2 	2.87 	1433.3 	0.9694 	
3 	2.88 	1439.1 	0.9499 	
4 	2.89 	1445.0 	0.6693 	
5 	2.90 	1451.3 	0.2549 	
6 	4.26 	2127.2 	0.4731 	
7 	4.27 	2133.4 	1.0000 	
8 	4.28 	2139.1 	0.9678 	
9 	4.29 	2145.0 	0.6810 	
10 	4.30 	2151.4 	0.2507 	
11 	6.92 	3456.3 	0.5212 	
12 	6.93 	3464.2 	0.7998 	
13 	6.95 	3475.5 	0.3790 	
14 	6.97 	3485.5 	0.3141 	
15 	6.99 	3492.5 	0.2719 	
16 	6.99 	3496.1 	0.2366 	
17 	7.01 	3504.1 	0.0936 	
18 	7.27 	3632.2 	0.3052 	
19 	7.28 	3638.9 	0.4317 	
20 	7.29 	3646.1 	0.6796 	
21 	7.30 	3649.5 	0.5391 	
22 	7.31 	3653.7 	0.5079 	
23 	7.32 	3657.1 	0.4639 	
24 	7.33 	3664.8 	0.1452 	

Table of Multiplets
No. 	Shift1 (ppm) 	Hs 	Type 	Atom1 	Multiplet1 	 (ppm)
1 	2.88 	1 	m 	9 	M01 	2.83 .. 2.92
2 	4.28 	1 	m 	8 	M02 	4.24 .. 4.32
3 	6.97 	1 	m 	4 6 2 	M03 	6.90 .. 7.02
4 	7.30 	1 	m 	5 3 	M04 	7.25 .. 7.35

Table of Assignments
No. 	Atom 	Exp. Shift (ppm) 	Multiplet
1 	9 	2.88 	M01
2 	8 	4.28 	M02
3 	4 	6.97 	M03
4 	6 	6.97 	M03
5 	2 	6.97 	M03
6 	5 	7.30 	M04
7 	3 	7.30 	M04
