Table of Peaks
No. 	(ppm) 	(Hz) 	Height
1 	1.54 	767.4 	0.1155 	
2 	1.55 	774.7 	0.2211 	
3 	1.56 	782.2 	0.3075 	
4 	1.58 	790.2 	0.2499 	
5 	1.60 	797.9 	0.1159 	
6 	1.69 	844.8 	0.2041 	
7 	1.71 	852.7 	0.3055 	
8 	1.72 	860.3 	0.3431 	
9 	1.74 	867.9 	0.1877 	
10 	1.99 	993.0 	0.2601 	
11 	1.99 	996.9 	0.2657 	
12 	2.01 	1002.3 	0.3672 	
13 	2.02 	1011.2 	0.4523 	
14 	2.03 	1014.2 	0.3378 	
15 	2.04 	1017.6 	0.3818 	
16 	2.04 	1019.4 	0.3578 	
17 	2.05 	1023.0 	0.2847 	
18 	2.06 	1028.2 	0.2159 	
19 	2.06 	1031.4 	0.1546 	
20 	2.28 	1137.2 	0.1724 	
21 	2.29 	1144.1 	0.2195 	
22 	2.30 	1151.1 	0.2500 	
23 	2.32 	1158.0 	0.3061 	
24 	2.33 	1166.4 	0.2959 	
25 	2.35 	1172.9 	0.2440 	
26 	2.36 	1179.4 	0.1194 	
27 	2.79 	1396.6 	0.1253 	
28 	2.81 	1402.9 	0.1586 	
29 	2.82 	1410.9 	0.2006 	
30 	2.84 	1418.2 	0.1953 	
31 	2.85 	1424.5 	0.1668 	
32 	2.85 	1425.8 	0.1651 	
33 	2.87 	1433.1 	0.1609 	
34 	2.89 	1444.0 	0.1446 	
35 	2.90 	1451.4 	0.0911 	
36 	3.00 	1498.9 	0.3181 	
37 	3.01 	1506.1 	0.4265 	
38 	3.03 	1512.8 	0.2373 	
39 	3.03 	1514.0 	0.2387 	
40 	3.61 	1803.5 	0.1841 	
41 	3.62 	1810.5 	0.2724 	
42 	3.64 	1818.0 	0.1729 	
43 	3.76 	1880.5 	0.2203 	
44 	3.77 	1886.6 	0.3458 	
45 	3.79 	1892.9 	0.1990 	
46 	4.32 	2157.8 	0.1325 	
47 	4.33 	2163.7 	0.2578 	
48 	4.34 	2169.7 	0.1125 	
49 	7.31 	3652.1 	0.2628 	
50 	7.32 	3657.7 	0.7370 	
51 	7.33 	3664.7 	1.0000 	
52 	7.34 	3669.7 	0.2509 	
53 	7.39 	3692.2 	0.5471 	
54 	7.40 	3698.9 	0.5571 	
55 	7.42 	3707.1 	0.2736 	

Table of Multiplets
No. 	Shift1 (ppm) 	Hs 	Type 	J (Hz) 	Atom1 	Multiplet1 	 (ppm)
1 	1.57 	1 	m 	- 	17 	M07 	1.53 .. 1.60
2 	1.71 	1 	m 	- 	18 	M06 	1.67 .. 1.75
3 	2.03 	3 	m 	- 	2 3 16 	M08 	1.91 .. 2.09
4 	2.32 	2 	m 	- 	21 	M09 	2.25 .. 2.37
5 	2.85 	1 	m 	- 	22 	M11 	2.77 .. 2.92
6 	3.02 	1 	t 	- 	19 	M05 	2.97 .. 3.05
7 	3.63 	1 	m 	- 	12 	M10 	3.60 .. 3.65
8 	3.77 	1 	t 	6.21 	4 	M04 	3.75 .. 3.80
9 	4.33 	1 	t 	5.91 	5 	M03 	4.31 .. 4.35
10 	7.32 	2 	m 	- 	26 28 24 	M02 	7.29 .. 7.35
11 	7.40 	1 	t 	- 	27 25 	M01 	7.37 .. 7.43

Table of Assignments
No. 	Atom 	Exp. Shift (ppm) 	Multiplet
1 	17 	1.57 	M07
2 	18 	1.71 	M06
3 	2 	2.03 	M08
4 	3 	2.03 	M08
5 	16 	2.03 	M08
6 	21 	2.32 	M09
7 	22 	2.85 	M11
8 	19 	3.02 	M05
9 	12 	3.63 	M10
10 	4 	3.77 	M04
11 	5 	4.33 	M03
12 	26 	7.32 	M02
13 	28 	7.32 	M02
14 	24 	7.32 	M02
15 	27 	7.40 	M01
16 	25 	7.40 	M01
