Table of Peaks
No.	(ppm)	(Hz)	Height
1	0.89	446.4	0.9597
2	0.91	453.0	1.0000
3	1.50	750.1	0.4451
4	1.52	757.3	0.4708
5	1.81	903.3	0.0068
6	1.82	910.3	0.0226
7	1.83	917.0	0.0463
8	1.85	923.7	0.0572
9	1.86	930.4	0.0451
10	1.88	937.3	0.0236
11	1.89	944.0	0.0071
12	2.44	1221.1	0.2454
13	2.46	1228.3	0.2314
14	3.70	1849.6	0.0197
15	3.71	1856.8	0.0681
16	3.73	1863.9	0.0724
17	3.74	1871.1	0.0227
18	7.10	3548.0	0.1472
19	7.11	3556.1	0.2058
20	7.22	3608.0	0.2120
21	7.23	3616.0	0.1681

Table of Multiplets
No.	Shift1 (ppm)	Hs	Type	J (Hz)	Atom1	Multiplet1	 (ppm)
1	0.90	6	d	6.61	9 12	M07	0.86 .. 0.94
2	1.51	3	d	7.16	11	M06	1.48 .. 1.54
3	1.85	1	m	-	8	M05	1.79 .. 1.91
4	2.45	2	d	7.18	7	M04	2.42 .. 2.48
5	3.72	1	q	7.17	10	M03	3.67 .. 3.77
6	7.11	2	d	8.10	2 6	M02	7.08 .. 7.13
7	7.23	2	d	8.03	3 5	M01	7.20 .. 7.25

Table of Assignments
No.	Atom	Exp. Shift (ppm)	Multiplet
1	9	0.90	M07
2	12	0.90	M07
3	11	1.51	M06
4	8	1.85	M05
5	7	2.45	M04
6	10	3.72	M03
7	2	7.11	M02
8	6	7.11	M02
9	3	7.23	M01
10	5	7.23	M01

