No.	(ppm)	Height
1	1.31	0.0987
2	1.34	0.0140
3	1.43	0.0028
4	1.44	0.0055
5	1.46	0.0145
6	1.47	0.0156
7	1.47	0.0112
8	1.48	0.0093
9	1.49	0.0033
10	1.57	0.0039
11	1.58	0.0109
12	1.59	0.0139
13	1.60	0.0090
14	1.62	0.0025
15	2.26	0.0259
16	2.27	0.0459
17	2.28	0.0237
18	2.33	0.0084
19	2.35	0.0083
20	2.36	0.0164
21	2.37	0.0171
22	2.41	0.0174
23	2.42	0.0177
24	2.43	0.0091
25	2.44	0.0094
26	3.94	0.0019
27	3.95	0.0051
28	3.95	0.0057
29	3.96	0.0072
30	3.97	0.0056
31	3.97	0.0033
32	3.98	0.0020

Table of Multiplets	
No.	Shift1 (ppm)	Hs	Type	Atom1			Multiplet1	 (ppm)
1	1.33		12	br. s.	4 5 6 7 8 10	M07		1.27 .. 1.38
2	1.43		2	m	9 3			M06		1.42 .. 1.50
3	1.57		2	quin	11			M05		1.56 .. 1.63
4	2.26		2	t	12			M04		2.24 .. 2.29
5	2.33		1	dd	15			M03		2.33 .. 2.38
6	2.41		1	dd	15			M02		2.40 .. 2.45
7	3.95		1	m	2			M01		3.93 .. 3.99

Table of Assignments
No.	Atom	Exp. Shift (ppm)	Multiplet
1	4	1.33			M07
2	5	1.33			M07
3	6	1.33			M07
4	7	1.33			M07
5	8	1.33			M07
6	10	1.33			M07
7	9	1.43			M06
8	3	1.43			M06
9	11	1.57			M05
10	12	2.26			M04
11	15	2.33			M03
12	15	2.41			M02
13	2	3.95			M01

