Table of Peaks
No.	(ppm)	Height
1	0.89	0.1771
2	0.90	0.4582
3	0.91	0.0596
4	0.91	0.1254
5	1.22	0.4989
6	1.24	1.0000
7	1.25	0.4990
8	1.27	0.0068
9	1.28	0.0126
10	1.28	0.0111
11	1.28	0.0235
12	1.29	0.0322
13	1.29	0.0333
14	1.29	0.0273
15	1.30	0.0376
16	1.30	0.0377
17	1.30	0.0546
18	1.30	0.1020
19	1.31	0.1636
20	1.31	0.1563
21	1.31	0.1469
22	1.31	0.1314
23	1.32	0.0907
24	1.32	0.0844
25	1.32	0.1131
26	1.32	0.1010
27	1.32	0.0680
28	1.33	0.0787
29	1.33	0.0681
30	1.33	0.0673
31	1.33	0.0596
32	1.34	0.0436
33	1.34	0.0263
34	1.34	0.0339
35	1.35	0.0181
36	1.35	0.0163
37	1.35	0.0105
38	1.35	0.0109
39	1.36	0.0081
40	1.57	0.0317
41	1.58	0.0712
42	1.60	0.0843
43	1.61	0.0559
44	1.62	0.0186
45	2.28	0.2206
46	2.29	0.3566
47	2.30	0.2000
48	4.09	0.1134
49	4.10	0.3376
50	4.11	0.3363
51	4.12	0.1114

Table of Multiplets
No.	Shift1 (ppm)	Hs	Type	J (Hz)		Atom1		Multiplet1	 (ppm)
1	0.90		3	t	-		11		M06		0.88 .. 0.92
2	1.24		3	t	7.13		5		M05		1.21 .. 1.25
3	1.32		6	m	-		8 9 10	M04		1.26 .. 1.37
4	1.59		2	m	-		7		M03		1.56 .. 1.63
5	2.29		2	t	7.46		6		M02		2.26 .. 2.32
6	4.10		2	q	7.15		4		M01		4.07 .. 4.13
			
Table of Assignments
No.	Atom	Exp. Shift (ppm)	Multiplet
1	11	0.90			M06
2	5	1.24			M05
3	8	1.32			M04
4	9	1.32			M04
5	10	1.32			M04
6	7	1.59			M03
7	6	2.29			M02
8	4	4.10			M01

