Table of Peaks
No.	(ppm)	Height
1	0.73	1.0000
2	0.91	0.0273
3	0.93	0.0314
4	0.93	0.0366
5	0.94	0.0420
6	0.94	0.0406
7	0.95	0.0392
8	0.96	0.0396
9	0.97	0.0374
10	1.13	0.0400
11	1.14	0.0393
12	1.15	0.0615
13	1.16	0.0609
14	1.17	0.0378
15	1.18	0.0481
16	1.20	0.0631
17	1.21	0.0787
18	1.22	0.0648
19	1.23	0.0810
20	1.24	0.0473
21	1.25	0.0262
22	1.26	0.0204
23	1.28	0.0192
24	1.29	0.0210
25	1.30	0.0522
26	1.31	0.0637
27	1.32	0.0933
28	1.33	0.0863
29	1.34	0.0648
30	1.36	0.0182
31	1.36	0.0170
32	1.77	0.0361
33	1.77	0.0359
34	1.78	0.0471
35	1.78	0.0655
36	1.79	0.1006
37	1.79	0.0730
38	1.80	0.0440
39	1.80	0.0539
40	1.81	0.0610
41	1.81	0.0324
42	2.05	0.0261
43	2.06	0.0289
44	2.07	0.0481
45	2.07	0.0463
46	2.09	0.0259
47	2.10	0.0255
48	2.11	0.0314
49	2.12	0.0504
50	2.13	0.0468
51	2.13	0.0426
52	2.14	0.0478
53	2.16	0.0289
54	2.20	0.0401
55	2.20	0.0388
56	2.21	0.0221
57	2.21	0.0239
58	2.22	0.0402
59	2.23	0.0354
60	2.66	0.0178
61	2.67	0.0196
62	2.67	0.0198
63	2.69	0.0592
64	2.69	0.0598
65	2.70	0.0623
66	2.71	0.0391
67	2.72	0.0350
68	2.73	0.0409
69	2.74	0.0129
70	2.75	0.0126
71	2.76	0.0115
72	3.23	0.0793
73	3.24	0.1383
74	3.25	0.0622
75	3.95	0.0205
76	3.96	0.0442
77	3.96	0.0485
78	3.97	0.0629
79	3.97	0.0443
80	3.98	0.0313
81	3.99	0.0155
82	6.43	0.1501
83	6.43	0.1666
84	6.49	0.0846
85	6.49	0.0786
86	6.50	0.0864
87	6.51	0.0808
88	7.02	0.1365
89	7.04	0.1283

Table of Multiplets
No.	Atom	Exp. Shift (ppm)	Multiplet
1	18	0.73			M14
2	5	0.91			M13
3	4	1.17			M12
4	9	1.17			M12
5	10	1.17			M12
6	8	1.32			M11
7	6	1.32			M11
8	10	1.79			M10
9	9	1.79			M10
10	7	2.05			M09
11	4	2.12			M08
12	8	2.20			M07
13	11	2.68			M06
14	2	3.24			M05
15	3	3.96			M04
16	17	6.43			M03
17	15	6.50			M02
18	14	7.03			M01

Table of Assignments
No.	Shift1 (ppm)	Hs	Type	J (Hz)		Atom1		Multiplet1	 (ppm)
1	0.73		3	s	-		18		M14		0.70 .. 0.75
2	0.91		1	m	-		5		M13		0.89 .. 0.99
3	1.17		3	m	-		4 9 10	M12		1.11 .. 1.27
4	1.32		2	m	-		8 6		M11		1.27 .. 1.38
5	1.79		2	m	-		10 9		M10		1.73 .. 1.84
6	2.05		1	td	-		7		M09		2.03 .. 2.10
7	2.12		1	m	-		4		M08		2.10 .. 2.17
8	2.20		1	m	-		8		M07		2.18 .. 2.26
9	2.68		2	m	-		11		M06		2.63 .. 2.79
10	3.24		1	t	7.40		2		M05		3.21 .. 3.27
11	3.96		1	m	-		3		M04		3.92 .. 4.01
12	6.43		1	d	2.26		17		M03		6.41 .. 6.44
13	6.50		1	dd	8.42 2.42	15		M02		6.47 .. 6.52
14	7.03		1	d	8.47		14		M01		7.00 .. 7.06
