Table of Peaks
No.	(ppm)	Height
1	0.76	0.2090
2	0.85	0.0067
3	0.87	0.0183
4	0.89	0.0178
5	0.92	0.0080
6	0.96	0.0063
7	0.97	0.0091
8	0.98	0.0126
9	0.98	0.0145
10	0.99	0.0131
11	1.00	0.0077
12	1.00	0.0089
13	1.07	0.0965
14	1.08	0.1019
15	1.19	0.2249
16	1.35	0.0034
17	1.36	0.0041
18	1.37	0.0115
19	1.38	0.0153
20	1.39	0.0125
21	1.39	0.0142
22	1.40	0.0254
23	1.42	0.0412
24	1.44	0.0184
25	1.44	0.0192
26	1.44	0.0172
27	1.45	0.0126
28	1.58	0.0090
29	1.59	0.0088
30	1.59	0.0131
31	1.60	0.0171
32	1.61	0.0102
33	1.62	0.0131
34	1.62	0.0185
35	1.63	0.0175
36	1.65	0.0112
37	1.65	0.0187
38	1.66	0.0161
39	1.67	0.0227
40	1.68	0.0185
41	1.69	0.0215
42	1.69	0.0277
43	1.70	0.0263
44	1.70	0.0280
45	1.72	0.0336
46	1.72	0.0402
47	1.74	0.0181
48	1.75	0.0131
49	1.81	0.0054
50	1.81	0.0069
51	1.82	0.0057
52	1.83	0.0103
53	1.83	0.0123
54	1.84	0.0165
55	1.85	0.0239
56	1.85	0.0180
57	1.86	0.0131
58	1.87	0.0156
59	1.87	0.0106
60	2.01	0.0085
61	2.02	0.0160
62	2.02	0.0116
63	2.03	0.0088
64	2.04	0.0138
65	2.05	0.0094
66	2.28	0.3156
67	2.32	0.0046
68	2.33	0.0096
69	2.33	0.0065
70	2.35	0.0130
71	2.36	0.0235
72	2.36	0.0136
73	2.38	0.0144
74	2.39	0.0180
75	2.40	0.0215
76	2.41	0.0203
77	2.41	0.0231
78	2.41	0.0222
79	2.43	0.0112
80	2.43	0.0121
81	2.44	0.0097
82	2.67	0.0087
83	2.67	0.0109
84	2.69	0.0092
85	2.69	0.0179
86	2.70	0.0128
87	2.71	0.0082
88	2.72	0.0095
89	5.79	0.0537

Table of Multiplets
No.	Shift1 (ppm)	Hs	Type	J (Hz)	Atom1	Multiplet1	 (ppm)
1	0.76	3	s	-	18	M13	0.74 .. 0.78
2	0.85	1	q	-	10	M12	0.84 .. 0.93
3	0.96	1	m	-	4a	M11	0.94 .. 1.03
4	1.08	3	d	6.44	22	M10	1.05 .. 1.11
5	1.19	3	s	-	24	M09	1.16 .. 1.22
6	1.35	3	m	-	9 6 5	M08	1.32 .. 1.48
7	1.58	6	s	-	8 6 3a 2a 16 5	M07	1.56 .. 1.78
8	1.81	2	m	-	9 10	M06	1.79 .. 1.90
9	2.01	1	m	-	16	M05	1.99 .. 2.07
10	2.28	3	s	-	25	M04	2.25 .. 2.30
11	2.36	2	m	-	11 15	M03	2.31 .. 2.47
12	2.67	1	m	-	8	M02	2.65 .. 2.74
13	5.79	1	s	-	13	M01	5.78 .. 5.81

Table of Assignments
No.	Atom	Exp. Shift (ppm)	Multiplet
1	18	0.76	M13
2	10	0.85	M12
3	4a	0.96	M11
4	22	1.08	M10
5	24	1.19	M09
6	9	1.35	M08
7	6	1.35	M08
8	5	1.35	M08
9	8	1.58	M07
10	6	1.58	M07
11	3a	1.58	M07
12	2a	1.58	M07
13	16	1.58	M07
14	5	1.58	M07
15	9	1.81	M06
16	10	1.81	M06
17	16	2.01	M05
18	25	2.28	M04
19	11	2.36	M03
20	15	2.36	M03
21	8	2.67	M02
22	13	5.79	M01