Table of Peaks
No.	(ppm)	Height
1	2.49	0.0970
2	2.50	0.1098
3	2.50	0.1134
4	2.51	0.1189
5	2.51	0.1347
6	2.52	0.1316
7	2.52	0.1324
8	2.53	0.1189
9	2.75	0.1104
10	2.76	0.1725
11	2.78	0.2001
12	2.79	0.1473
13	2.80	0.0867
14	4.15	0.0575
15	4.16	0.0865
16	4.16	0.0869
17	4.17	0.1471
18	4.18	0.2050
19	4.19	0.2222
20	4.20	0.1784
21	4.20	0.1512
22	4.21	0.1788
23	4.22	0.0827
24	4.22	0.0627
25	4.23	0.0802
26	4.25	0.1126
27	4.25	0.2394
28	4.26	0.2215
29	4.26	0.2214
30	6.28	0.2043
31	6.29	0.3661
32	6.30	0.1929
33	8.09	0.8979

Table of Multiplets
No.	Shift1 (ppm)	Hs	Type	J (Hz)			Atom1		Multiplet1	 (ppm)
1	2.51		1	ddd	13.97 6.35 3.82	3		M06		2.48 .. 2.54
2	2.78		1	m	-			3		M05		2.75 .. 2.81
3	4.20		2	m	-			16		M04		4.15 .. 4.24
4	4.26		1	m	-			5		M03		4.24 .. 4.28
5	6.29		1	t	6.82			2		M02		6.27 .. 6.32
6	8.09		1	s	-			7		M01		8.07 .. 8.11

Table of Assignments
No.	Atom	Exp. Shift (ppm)	Multiplet
1	3	2.51			M06
2	3	2.78			M05
3	16	4.20			M04
4	5	4.26			M03
5	2	6.29			M02
6	7	8.09			M01

