Table of Peaks
No.	(ppm)	(Hz)	Height
1	1.90	951.0	1.0000
2	2.89	1444.5	0.0439
3	2.91	1453.4	0.0533
4	2.92	1458.4	0.0633
5	2.94	1467.4	0.0554
6	3.16	1577.4	0.0543
7	3.17	1582.2	0.0503
8	3.18	1591.2	0.0399
9	3.19	1596.2	0.0460
10	7.26	3628.4	0.1363
11	7.27	3635.2	0.2055
12	7.28	3636.7	0.1676
13	7.28	3639.9	0.0303
14	7.29	3642.3	0.0960
15	7.29	3644.4	0.0204
16	7.30	3648.3	0.0549
17	7.30	3649.6	0.0689
18	7.34	3667.7	0.1542
19	7.34	3668.9	0.0583
20	7.35	3675.2	0.1909
21	7.36	3676.9	0.0426
22	7.36	3680.7	0.0281
23	7.37	3682.2	0.0643
24	7.37	3683.2	0.0405
25	7.89	3945.7	0.0344
26	7.91	3953.7	0.0335

Table of Multiplets
No.	Shift1 (ppm)	Hs	Type	J (Hz)		Atom1		Multiplet1	 (ppm)
1	1.90		3	s	-		14		M05		1.89 .. 1.92
2	2.91		1	dd	13.91 8.99	7		M04		2.88 .. 2.95
3	3.17		1	dd	13.93 4.92	7		M03		3.14 .. 3.21
4	7.32		5	m	-		6 5 4 3 2	M02		7.25 .. 7.38
5	7.90		1	d	8.01		15		M01		7.88 .. 7.93

Table of Assignments
No.	Atom	Exp. Shift (ppm)	Multiplet
1	14	1.90			M05
2	7	2.91			M04
3	7	3.17			M03
4	6	7.32			M02
5	5	7.32			M02
6	4	7.32			M02
7	3	7.32			M02
8	2	7.32			M02
9	15	7.90			M01
