DUoptxwinnmr USERreza NAMEBiostandards_13C_corr EXPNO86 PROCNO1
F1225.983ppm F2-23.118ppm MI0.90cm MAXI10000.00cm PC0.500
          ADDRESS            FREQUENCY         INTENSITY
                           Hz        PPM
     1     12983.1    17771.676     176.6348         3.61
     2     23175.9    13873.657     137.8920         3.50
     3     24717.5    13284.145     132.0327        19.00
     4     24789.4    13256.634     131.7593        18.96
     5     25169.0    13111.469     130.3165         9.47
     6     43959.0     5925.680      58.8960         8.29
     7     49159.7     3936.803      39.1284         8.65
     8     59453.7        0.121       0.0012         0.93
