Mannose 6-phosphate
 HMDB01078 
1DNMR spectrum600MHz in H2O
 Sample 50mM at PH 7.0
Reference to DSS

Table of Multiplets
No. 	Hs 	Type 	J (Hz) 	Atom1 	Multiplet1 	 (ppm)
1 	1 	d 	9.19 	20 	M08 	3.42 .. 3.47
2 	1 	q 	7.07 	18 	M07 	3.62 .. 3.67
3 	1 	m 	- 	19 	M09 	3.67 .. 3.76
4 	2 	m 	- 	3 	M06 	3.77 .. 3.84
5 	4 	m 	- 	2 4 	M05 	3.84 .. 3.90
6 	4 	m 	- 	1 17 	M04 	3.92 .. 3.96
7 	5 	m 	- 	10 26 	M03 	3.96 .. 4.06
8 	0 	s 	- 	22 	M02 	4.91 .. 4.93
9 	1 	s 	- 	6 	M01 	5.16 .. 5.22

Table of Peaks
No. 	(ppm) 	(Hz) 	Height
1 	3.434 	2061.48 	0.1295
2 	3.447 	2069.40 	0.1472
3 	3.631 	2180.10 	0.1484
4 	3.643 	2187.14 	0.4346
5 	3.655 	2194.18 	0.4329
6 	3.667 	2201.23 	0.1545
7 	3.672 	2204.53 	0.1269
8 	3.677 	2207.61 	0.1234
9 	3.689 	2214.65 	0.2789
10 	3.694 	2217.51 	0.3199
11 	3.707 	2225.44 	0.2995
12 	3.723 	2234.90 	0.3365
13 	3.739 	2244.58 	0.1209
14 	3.787 	2273.41 	0.2110
15 	3.803 	2283.32 	0.4966
16 	3.820 	2293.00 	0.5178
17 	3.862 	2318.31 	0.6754
18 	3.867 	2321.39 	0.7849
19 	3.878 	2327.99 	0.3987
20 	3.883 	2331.29 	0.4645
21 	3.937 	2363.65 	0.6760
22 	3.953 	2373.33 	0.5173
23 	3.957 	2375.75 	0.5606
24 	3.970 	2383.45 	0.3086
25 	3.979 	2388.95 	0.3051
26 	3.992 	2396.44 	0.1974
27 	4.001 	2401.94 	0.2888
28 	4.008 	2405.90 	0.3395
29 	4.014 	2409.64 	0.3249
30 	4.026 	2416.68 	0.2842
31 	4.034 	2421.97 	0.1468
32 	4.045 	2428.13 	0.0931
33 	4.914 	2949.93 	0.2278
34 	5.189 	3115.21 	0.9810


Table of Assignments
No. 	Atom 	Multiplet
1 	20 	M08
2 	18 	M07
3 	19 	M09
4 	3 	M06
5 	2 	M05
6 	4 	M05
7 	1 	M04
8 	17 	M04
9 	10 	M03
10 	26 	M03
11 	22 	M02
12 	6 	M01
