Table of Peaks
No. (ppm) (Hz) Height 
1 7.672 4598.29 0.3341 
2 7.673 4599.33 0.3803 
3 7.683 4605.23 0.4398 
4 7.685 4606.36 0.7427 
5 7.687 4607.43 0.5037 
6 7.697 4613.38 0.4346 
7 7.699 4614.39 0.4738 
8 7.835 4696.11 0.3580 
9 7.837 4697.51 0.3970 
10 7.846 4703.05 0.3536 
11 7.849 4704.56 0.6986 
12 7.851 4706.01 0.4882 
13 7.861 4711.56 0.3625 
14 7.863 4712.93 0.3816 
15 7.948 4763.88 0.9441 
16 7.962 4772.36 1.0000 
17 7.992 4790.00 0.6676 
18 8.005 4798.21 0.6090 
19 8.098 4853.64 0.8374 
20 8.112 4862.14 0.7524 
21 8.436 5056.33 0.9945 
22 8.450 5064.81 0.9360 

Table of Multiplets
No. Shift1 (ppm) Hs Type J (Hz) Atom1 Multiplet1  (ppm) 
1 7.685 1 ddd 8.09 6.99 1.03 7 M06 7.659 .. 7.709 
2 7.849 1 ddd 8.46 6.98 1.39 8 M05 7.817 .. 7.880 
3 7.955 1 d 8.48 6 M04 7.932 .. 7.976 
4 7.998 1 d 8.20 3 M03 7.972 .. 8.025 
5 8.105 1 d 8.51 9 M02 8.072 .. 8.148 
6 8.443 1 d 8.48 4 M01 8.408 .. 8.481 

Table of Assignments
No. Atom Exp. Shift (ppm) Multiplet 
1 7 7.685 M06 
2 8 7.849 M05 
3 6 7.955 M04 
4 3 7.998 M03 
5 9 8.105 M02 
6 4 8.443 M01 

