DUoptxwinnmr USERreza NAMEBiostandards_13C_corr EXPNO59 PROCNO1
F1226.044ppm F2-23.057ppm MI4.00cm MAXI10000.00cm PC1.000
          ADDRESS            FREQUENCY         INTENSITY
                           Hz        PPM
     1     34002.4     9739.467      96.8018        39.21
     2     34101.8     9701.459      96.4240        20.16
     3     38725.6     7933.190      78.8489        19.97
     4     39512.0     7632.443      75.8598        18.41
     5     39710.3     7556.607      75.1060        39.22
     6     39995.0     7447.746      74.0241        17.68
     7     40132.0     7395.358      73.5034        35.36
     8     40251.6     7349.600      73.0486        38.56
     9     41147.5     7007.004      69.6435        37.75
    10     41211.7     6982.447      69.3994        20.95
    11     42698.8     6413.725      63.7468        48.19
    12     59469.8        0.078       0.0008         4.89
