Table of Peaks
No.	(ppm)	Height
1	0.61	0.7775
2	0.62	0.3249
3	0.84	0.7646
4	0.87	0.2244
5	0.87	0.3759
6	0.88	0.5448
7	0.89	0.4591
8	0.97	0.0375
9	0.98	0.0452
10	0.99	0.0572
11	1.00	0.0602
12	1.01	0.0494
13	1.02	0.0961
14	1.05	0.0371
15	1.05	0.0447
16	1.06	0.0545
17	1.07	0.0951
18	1.07	0.0929
19	1.07	0.0870
20	1.08	0.1142
21	1.10	0.1033
22	1.12	0.0737
23	1.12	0.0765
24	1.15	0.0804
25	1.17	0.0927
26	1.17	0.0897
27	1.18	0.1292
28	1.18	0.1345
29	1.19	0.1295
30	1.21	0.0901
31	1.23	0.1307
32	1.24	0.2747
33	1.26	0.1289
34	1.32	0.0762
35	1.33	0.0765
36	1.35	0.1745
37	1.37	0.1843
38	1.38	0.1147
39	1.39	0.1352
40	1.40	0.0902
41	1.41	0.0734
42	1.46	0.1282
43	1.48	0.1269
44	1.65	0.0587
45	1.67	0.1074
46	1.67	0.1042
47	1.68	0.1366
48	1.69	0.1064
49	1.70	0.0630
50	1.71	0.0658
51	1.73	0.0351
52	1.74	0.0386
53	1.75	0.0647
54	1.76	0.0597
55	1.77	0.0504
56	1.78	0.0629
57	1.79	0.0672
58	1.79	0.0771
59	1.80	0.0671
60	1.80	0.0672
61	1.81	0.0514
62	1.82	0.0552
63	1.82	0.0537
64	1.90	0.0636
65	1.90	0.0531
66	1.92	0.0761
67	1.92	0.0708
68	1.94	0.0219
69	2.07	0.0310
70	2.08	0.0518
71	2.09	0.0454
72	2.10	0.0684
73	2.11	0.0690
74	2.11	0.0572
75	2.13	0.0357
76	2.16	0.0209
77	2.18	0.0459
78	2.21	0.0753
79	2.22	0.0628
80	2.23	0.0971
81	2.24	0.0430
82	2.24	0.0416
83	2.25	0.0324
84	3.15	0.0107
85	3.16	0.0197
86	3.17	0.0240
87	3.18	0.0372
88	3.19	0.0414
89	3.20	0.0300
90	3.21	0.0189
91	3.21	0.0090
92	3.63	0.0743

Table of Multiplets
No.	Shift1 (ppm)	Hs	Type	Atom1		Multiplet1	 (ppm)
1	0.61		3	m	18		M15		0.59 .. 0.63
2	0.84		3	s	26		M14		0.82 .. 0.85
3	0.88		4	m	17 28		M13		0.86 .. 0.91
4	1.00		1	m	4		M12		0.95 .. 1.04
5	1.07		3	m	2 13 16	M11		1.04 .. 1.16
6	1.20		4	m	12 20 3 9	M10		1.16 .. 1.28
7	1.37		4	m	6 19 12 5	M09		1.31 .. 1.43
8	1.46		2	m	14 16		M08		1.44 .. 1.52
9	1.67		3	m	4 17 20	M07		1.62 .. 1.72
10	1.79		2	m	11 3		M06		1.72 .. 1.86
11	1.92		1	m	13		M05		1.88 .. 1.97
12	2.10		1	m	21		M04		2.05 .. 2.14
13	2.20		2	m	14 21		M03		2.15 .. 2.28
14	3.15		1	m	15		M02		3.15 .. 3.23
15	3.63		1	br. s.	8		M01		3.60 .. 3.66

Table of Assignments
No.	Atom	Exp. Shift (ppm)	Multiplet
1	18	0.61			M15
2	26	0.84			M14
3	17	0.88			M13
4	28	0.88			M13
5	4	1.00			M12
6	2	1.07			M11
7	13	1.07			M11
8	16	1.07			M11
9	12	1.20			M10
10	20	1.20			M10
11	3	1.20			M10
12	9	1.20			M10
13	6	1.37			M09
14	19	1.37			M09
15	12	1.37			M09
16	5	1.37			M09
17	14	1.46			M08
18	16	1.46			M08
19	4	1.67			M07
20	17	1.67			M07
21	20	1.67			M07
22	11	1.79			M06
23	3	1.79			M06
24	13	1.92			M05
25	21	2.10			M04
26	14	2.20			M03
27	21	2.20			M03
28	15	3.15			M02
29	8	3.63			M01

