DUoptxwinnmr USERreza NAMEBiostandards_13C_corr EXPNO111 PROCNO1
F1226.044ppm F2-23.057ppm MI2.00cm MAXI10000.00cm PC0.500
          ADDRESS            FREQUENCY         INTENSITY
                           Hz        PPM
     1     12247.6    18059.066     179.4913         2.98
     2     12502.5    17961.594     178.5225         4.41
     3     33520.2     9923.867      98.6345        17.39
     4     34513.1     9544.166      94.8606        12.88
     5     38725.6     7933.188      78.8489        17.70
     6     38850.5     7885.442      78.3744        17.91
     7     39253.9     7731.178      76.8411        18.38
     8     39638.0     7584.284      75.3811        13.37
     9     39774.7     7532.007      74.8615        13.72
    10     39843.2     7505.798      74.6010        19.00
    11     39870.7     7495.286      74.4966        14.65
    12     39969.5     7457.487      74.1209        13.63
    13     59470.2       -0.059      -0.0006         2.16
