

Table of Multiplets
No. 	Hs 	Type 	J (Hz) 	Atom1 	Multiplet1 	 (ppm)
1 	2 	m 	- 	6 	M03 	2.05 .. 2.34
2 	2 	m 	- 	7 	M02 	3.08 .. 3.27
3 	1 	t 	6.60 	4 	M01 	3.77 .. 3.88


Table of Peaks
No. 	(ppm) 	(Hz) 	Height
1 	0.000 	0.00 	1.0000
2 	2.222 	1334.12 	0.0888
3 	2.232 	1339.84 	0.1759
4 	2.241 	1345.56 	0.2405
5 	2.247 	1349.08 	0.2135
6 	2.257 	1354.80 	0.2025
7 	2.268 	1361.41 	0.0967
8 	3.153 	1892.68 	0.1342
9 	3.163 	1898.84 	0.1323
10 	3.168 	1901.92 	0.1549
11 	3.181 	1909.40 	0.1693
12 	3.194 	1917.33 	0.1537
13 	3.197 	1919.53 	0.1420
14 	3.203 	1923.05 	0.0788
15 	3.208 	1926.13 	0.1276
16 	3.215 	1930.09 	0.0740
17 	3.818 	2292.34 	0.1983
18 	3.829 	2298.94 	0.3985
19 	3.840 	2305.54 	0.1978


Table of Assignments
No. 	Atom 	Multiplet
1 	6 	M03
2 	7 	M02
3 	4 	M01
