Table of Peaks

No. 	(ppm) 	(Hz) 	Height
1 	7.93 	4753.8 	0.0130 	
2 	7.92 	4747.0 	0.0127 	
3 	4.42 	2649.9 	0.0106 	
4 	4.41 	2646.0 	0.0126 	
5 	4.41 	2642.1 	0.0138 	
6 	4.40 	2639.9 	0.0165 	
7 	4.40 	2638.5 	0.0155 	
8 	4.40 	2636.1 	0.0133 	
9 	4.39 	2632.2 	0.0131 	
10 	4.39 	2628.4 	0.0107 	
11 	2.72 	1630.2 	0.0204 	
12 	2.71 	1626.4 	0.0209 	
13 	2.69 	1614.5 	0.0271 	
14 	2.69 	1610.7 	0.0260 	
15 	2.53 	1516.1 	0.0262 	
16 	2.51 	1506.1 	0.0261 	
17 	2.50 	1500.4 	0.0205 	
18 	2.49 	1490.4 	0.0202 	
19 	2.03 	1215.9 	0.2546 	


Table of Multiplets

No. 	Shift1 (ppm) 	Hs 	Type 	J (Hz) 	Atom1 	Multiplet1 	 (ppm)
1 	7.93 	7 	d 	6.76 	5 	M01 	7.85 .. 7.98
2 	4.40 	6 	ddd 	9.97 7.66 3.79 	4 	M02 	4.35 .. 4.47
3 	2.70 	6 	dd 	15.66 3.79 	8 	M03 	2.63 .. 2.76
4 	2.51 	6 	dd 	15.68 9.97 	8 	M04 	2.42 .. 2.57
5 	2.03 	17 	s 	- 	11 	M05 	1.97 .. 2.09


Table of Assignments

No. 	Atom 	Exp. Shift (ppm) 	Multiplet
1 	5 	7.93 	M01
2 	4 	4.40 	M02
3 	8 	2.70 	M03
4 	8 	2.51 	M04
5 	11 	2.03 	M05
