Table of Peaks
No.	(ppm)	(Hz)	Height
1	0.868	521.26	0.0459
2	0.880	528.41	0.0984
3	0.892	535.29	0.0437
4	1.203	722.02	0.0070
5	1.255	753.60	1.0000
6	1.286	771.82	0.0585
7	1.297	778.42	0.0415
8	1.308	785.46	0.0284
9	1.323	794.21	0.0179
10	1.333	800.37	0.0189
11	1.348	809.28	0.0200
12	1.356	814.13	0.0128
13	1.542	925.98	0.0101
14	1.554	932.69	0.0289
15	1.559	935.83	0.0253
16	1.567	940.56	0.0296
17	1.578	947.38	0.0220
18	1.589	954.10	0.0069
19	3.630	2179.16	0.0147
20	3.641	2185.55	0.0279
21	3.651	2191.93	0.0156

Table of Multiplets
No.	Shift1 (ppm)	Hs	Type	J (Hz)	Atom1					Multiplet1	 (ppm)
1	0.88		2	t	-	19					M06		0.84 .. 0.91
2	1.20		2	br. s.	-	17					M07		1.17 .. 1.24
3	1.26		26	s	-	5 6 7 8 9 10 11 12 13 14 15 16	M05		1.24 .. 1.27
4	1.29		4	d	6.60	18					M04		1.27 .. 1.31
5	1.34		2	m	-	4					M03		1.31 .. 1.39
6	1.56		2	m	-	3					M02		1.52 .. 1.61
7	3.64		2	t	6.38	2					M01		3.60 .. 3.68

Table of Assignments
No.	Atom	Exp. Shift (ppm)	Multiplet
1	19	0.88		M06
2	17	1.20		M07
3	5	1.26		M05
4	6	1.26		M05
5	7	1.26		M05
6	8	1.26		M05
7	9	1.26		M05
8	10	1.26		M05
9	11	1.26		M05
10	12	1.26		M05
11	13	1.26		M05
12	14	1.26		M05
13	15	1.26		M05
14	16	1.26		M05
15	18	1.29		M04
16	4	1.34		M03
17	3	1.56		M02
18	2	3.64		M01