Table of Peaks
No. 	(ppm) 	(Hz) 	Height
1 	3.05 	1522.7 	0.2578 	
2 	3.06 	1530.5 	0.3029 	
3 	3.08 	1537.4 	0.4152 	
4 	3.09 	1545.2 	0.3916 	
5 	3.18 	1590.2 	0.3818 	
6 	3.19 	1595.5 	0.4263 	
7 	3.21 	1605.1 	0.2635 	
8 	3.22 	1610.2 	0.2848 	
9 	3.94 	1970.0 	0.3144 	
10 	3.95 	1975.5 	0.4090 	
11 	3.96 	1977.8 	0.3589 	
12 	3.97 	1983.1 	0.3384 	
13 	6.99 	3495.5 	0.7533 	
14 	7.01 	3504.2 	0.8318 	
15 	7.41 	3703.1 	0.5642 	
16 	7.41 	3705.2 	0.5233 	
17 	7.43 	3711.8 	0.5350 	
18 	7.43 	3714.0 	0.4825 	
19 	7.92 	3956.5 	0.9222 	
20 	7.92 	3958.5 	0.8336 	

Table of Multiplets
No. 	Shift1 (ppm) 	Hs 	Type 	J (Hz) 	Atom1 	Multiplet1 	 (ppm)
1 	7.92 	1 	d 	1.97 	3 	M01 	7.88 .. 7.96
2 	7.42 	1 	dd 	8.72 2.17 	5 	M02 	7.39 .. 7.47
3 	7.00 	1 	d 	8.74 	6 	M03 	6.96 .. 7.04
4 	3.95 	1 	dd 	7.71 5.38 	11 	M04 	3.92 .. 3.98
5 	3.20 	1 	dd 	- 	10 	M05 	3.16 .. 3.25
6 	3.07 	1 	dd 	- 	10 	M06 	3.03 .. 3.11

Table of Assignments
No. 	Atom 	Exp. Shift (ppm) 	Multiplet
1 	10 	3.07 	M06
2 	10 	3.20 	M05
3 	11 	3.95 	M04
4 	6 	7.00 	M03
5 	5 	7.42 	M02
6 	3 	7.92 	M01
