Table of Peaks
No.	(ppm)	(Hz)	Height
1	7.43	3713.0	0.0142
2	7.42	3708.9	0.0095
3	7.41	3704.2	0.0702
4	7.41	3701.9	0.0656
5	7.40	3700.7	0.0832
6	7.40	3698.8	0.0529
7	7.40	3696.6	0.0928
8	7.39	3693.7	0.2206
9	7.38	3687.6	0.0858
10	7.37	3686.2	0.1586
11	7.35	3672.2	0.0392
12	7.34	3670.9	0.0823
13	7.34	3669.5	0.0518
14	7.33	3665.7	0.0258
15	7.33	3663.5	0.0986
16	7.32	3661.1	0.0220
17	7.31	3656.2	0.0279
18	7.29	3642.2	0.1576
19	7.28	3640.7	0.2029
20	7.28	3638.7	0.0447
21	7.27	3633.8	0.1457
22	7.21	3604.4	0.0549
23	7.21	3602.6	0.0612
24	7.20	3596.4	0.0548
25	7.19	3595.0	0.0440
26	4.15	2074.7	0.0486
27	4.14	2069.4	0.0504
28	4.13	2066.5	0.0565
29	4.12	2061.3	0.0564
30	3.73	1864.3	1.0000
31	3.29	1642.1	0.0219
32	3.28	1638.0	0.0211
33	3.26	1630.6	0.0490
34	3.26	1628.0	0.0326
35	3.25	1624.5	0.0588
36	3.23	1616.6	0.0545
37	3.22	1610.9	0.0589
38	3.09	1543.8	0.0632
39	3.07	1534.9	0.0717
40	3.06	1529.7	0.0529
41	3.04	1520.9	0.0491
42	3.04	1517.6	0.0299
43	3.02	1508.4	0.0215
44	3.01	1503.6	0.0193
45	2.76	1380.0	0.0512
46	2.75	1374.8	0.0647
47	2.73	1362.7	0.1119
48	2.72	1357.5	0.1052
49	2.66	1327.9	0.1033
50	2.64	1319.8	0.1084
51	2.62	1310.6	0.0594
52	2.61	1302.5	0.0625

Table of Multiplets
No.	Shift1 (ppm)	Hs	Type	J (Hz)	Atom1	Multiplet1	 (ppm)
1	2.68	2	m	-	18	M08	2.59 .. 2.77
2	3.05	1	m	-	7	M07	3.00 .. 3.10
3	3.24	1	m	-	7	M06	3.21 .. 3.30
4	3.73	3	s	-	17	M05	3.72 .. 3.74
5	4.14	1	dd	8.11 5.20	14	M04	4.11 .. 4.17
6	7.28	2	m	-	6 2	M03	7.25 .. 7.30
7	7.34	1	tt	7.39 2.47	4	M02	7.31 .. 7.35
8	7.40	2	m	-	5 3	M01	7.36 .. 7.44

Table of Assignments
No.	Atom	Exp. Shift (ppm)	Multiplet
1	18	2.68	M08
2	17	3.73	M05
3	14	4.14	M04
4	7	3.24	M06
5	7	3.05	M07
6	6	7.28	M03
7	5	7.40	M01
8	4	7.34	M02
9	3	7.40	M01
10	2	7.28	M03
