Table of Peaks

No. 	(ppm) 	(Hz) 	Height
1 	2.50 	1248.1 	0.0550 	
2 	2.48 	1240.7 	0.1030 	
3 	2.47 	1233.1 	0.0601 	
4 	1.80 	897.9 	0.0091 	
5 	1.78 	890.4 	0.0297 	
6 	1.77 	883.3 	0.0453 	
7 	1.75 	875.9 	0.0349 	
8 	1.74 	868.3 	0.0122 	
9 	1.46 	731.3 	0.0314 	
10 	1.46 	730.2 	0.0315 	
11 	1.43 	715.9 	0.0648 	
12 	1.39 	694.1 	1.0000 	
13 	1.03 	513.5 	0.0506 	
14 	1.01 	506.7 	0.1160 	
15 	1.00 	499.7 	0.0564 	


Table of Multiplets

No. 	Shift1 (ppm) 	Hs 	Type 	J (Hz) 	Atom1 	Multiplet1 	 (ppm)
1 	2.48 	7 	t 	7.53 	4 	M01 	2.43 .. 2.53
2 	1.77 	6 	tt 	7.50 7.35 	5 	M02 	1.70 .. 1.83
3 	1.44 	78 	m 	- 	18 17 16 15 14 13 12 11 10 9 8 7 6 19 	M03 	1.32 .. 1.52
4 	1.01 	8 	t 	6.91 	20 	M04 	0.97 .. 1.09


Table of Assignments

No. 	Atom 	Exp. Shift (ppm) 	Multiplet
1 	4 	2.48 	M01
2 	5 	1.77 	M02
3 	17 	1.44 	M03
4 	16 	1.44 	M03
5 	15 	1.44 	M03
6 	14 	1.44 	M03
7 	13 	1.44 	M03
8 	12 	1.44 	M03
9 	11 	1.44 	M03
10 	10 	1.44 	M03
11 	9 	1.44 	M03
12 	8 	1.44 	M03
13 	7 	1.44 	M03
14 	6 	1.44 	M03
15 	19 	1.44 	M03
16 	18 	1.44 	M03
17 	20 	1.01 	M04
