Table of Peaks
No.	(ppm)	Height
1	7.43	0.0172
2	7.43	0.0196
3	7.43	0.0269
4	7.43	0.1675
5	7.44	0.1470
6	7.44	0.0930
7	7.45	0.0819
8	7.45	0.0158
9	7.45	0.0254
10	7.46	0.0055
11	7.46	0.0069
12	7.46	0.0081
13	7.53	0.0167
14	7.53	0.0580
15	7.54	0.0246
16	7.54	0.0392
17	7.55	0.1117
18	7.55	0.0972
19	7.55	0.0657
20	7.56	0.0356
21	7.56	0.0776
22	7.56	0.0161
23	7.62	0.0253
24	7.62	0.0462
25	7.62	0.0257
26	7.63	0.0230
27	7.63	0.0591
28	7.64	0.0180
29	7.64	0.0148
30	7.65	0.0256
31	7.65	0.0131
32	7.74	0.0770
33	7.74	0.0779
34	7.74	0.0749
35	7.75	0.0845
36	7.75	0.0695
37	7.75	0.0627
38	7.76	0.0775
39	7.76	0.0773
40	7.76	0.2291
41	7.78	0.1329
42	7.81	0.0360
43	8.07	0.1010
44	8.08	0.1160
45	8.08	0.0315
46	8.08	0.0403
47	8.09	0.1052
48	8.09	0.0752
49	8.09	0.0849
50	8.09	0.0142

Table of Multiplets
No.	Shift1 (ppm)	Hs	Type	Atom1		Multiplet1	 (ppm)
1	7.44		3	m	12 16 14	M05		7.42 .. 7.47
2	7.55		2	m	5 3		M04		7.53 .. 7.57
3	7.63		1	tt	4		M03		7.61 .. 7.65
4	7.76		4	m	15 13 9 10	M02		7.73 .. 7.82
5	8.08		2	m	2 6		M01		8.07 .. 8.10

Table of Assignments
No.	Atom	Exp. Shift (ppm)	Multiplet
1	12	7.44			M05
2	16	7.44			M05
3	14	7.44			M05
4	5	7.55			M04
5	3	7.55			M04
6	4	7.63			M03
7	15	7.76			M02
8	13	7.76			M02
9	9	7.76			M02
10	10	7.76			M02
11	2	8.08			M01
12	6	8.08			M01

