Table of Peaks

No. 	(ppm) 	(Hz) 	Height
1 	4.12 	2059.6 	0.0170 	
2 	4.11 	2055.1 	0.0205 	
3 	4.11 	2051.9 	0.0217 	
4 	4.10 	2050.6 	0.0258 	
5 	4.10 	2047.4 	0.0238 	
6 	4.09 	2046.1 	0.0232 	
7 	4.09 	2043.0 	0.0197 	
8 	4.08 	2041.1 	0.0058 	
9 	4.08 	2040.7 	0.0057 	
10 	4.08 	2038.5 	0.0181 	
11 	2.23 	1116.5 	0.1023 	
12 	2.22 	1108.5 	0.2131 	
13 	2.20 	1100.4 	0.1460 	
14 	2.08 	1037.7 	0.0183 	
15 	2.07 	1033.3 	0.0189 	
16 	2.06 	1030.1 	0.0211 	
17 	2.06 	1029.0 	0.0175 	
18 	2.05 	1025.5 	0.0257 	
19 	2.05 	1024.1 	0.0352 	
20 	2.04 	1021.3 	0.0167 	
21 	2.04 	1019.4 	0.0254 	
22 	2.03 	1015.7 	0.0467 	
23 	2.02 	1010.0 	1.0000 	
24 	2.01 	1003.0 	0.0165 	
25 	1.90 	950.1 	0.0215 	
26 	1.89 	944.5 	0.0088 	
27 	1.89 	942.9 	0.0287 	
28 	1.88 	941.4 	0.0370 	
29 	1.87 	936.2 	0.0205 	
30 	1.87 	934.0 	0.0397 	
31 	1.87 	932.6 	0.0244 	
32 	1.86 	928.3 	0.0367 	
33 	1.86 	927.4 	0.0238 	
34 	1.86 	927.3 	0.0238 	
35 	1.85 	925.4 	0.0214 	
36 	1.84 	919.4 	0.0327 	
37 	1.82 	911.5 	0.0129 	


Table of Multiplets

No. 	Shift1 (ppm) 	Hs 	Type 	J (Hz) 	Atom1 	Multiplet1 	 (ppm)
1 	4.10 	1 	m 	- 	4 	M01 	4.06 .. 4.13
2 	2.22 	2 	t 	8.03 	9 	M02 	2.18 .. 2.24
3 	2.05 	5 	m 	- 	8 	M03 	2.00 .. 2.09
4 	2.02 	4 	s 	- 	12 	M04 	2.02 .. 2.03
5 	1.87 	1 	m 	- 	8 	M05 	1.80 .. 1.92


Table of Assignments

No. 	Atom 	Exp. Shift (ppm) 	Multiplet
1 	4 	4.10 	M01
2 	9 	2.22 	M02
3 	8 	2.05 	M03
4 	12 	2.02 	M04
5 	8 	1.87 	M05


