Table of Peaks
No. 	(ppm) 	(Hz) 	Height
1 	1.19 	594.6 	1.0000 	
2 	1.20 	601.4 	0.9800 	
3 	3.66 	1831.8 	0.0689 	
4 	3.67 	1836.8 	0.0920 	
5 	3.68 	1838.6 	0.1545 	
6 	3.69 	1843.3 	0.1644 	
7 	3.69 	1845.4 	0.1617 	
8 	3.70 	1850.0 	0.1447 	
9 	3.71 	1852.0 	0.0613 	
10 	3.71 	1856.8 	0.0436 	
11 	4.95 	2475.9 	0.0597 	
12 	4.96 	2480.0 	0.0351 	
13 	7.42 	3708.0 	0.3876 	
14 	7.43 	3713.4 	0.4389 	
15 	7.43 	3715.5 	0.5943 	
16 	7.44 	3719.8 	0.2327 	
17 	7.47 	3733.8 	0.3714 	
18 	7.48 	3737.9 	0.1500 	
19 	7.48 	3741.1 	0.3030 	
20 	7.50 	3747.2 	0.0912 	
21 	7.50 	3748.8 	0.1213 	

Table of Multiplets
No. 	Shift1 (ppm) 	Hs 	Type 	J (Hz) 	Atom1 	Multiplet1 	 (ppm)
1 	1.20 	1 	d 	6.82 	11 	M01 	1.18 .. 1.21
2 	3.69 	1 	m 	- 	9 	M02 	3.66 .. 3.72
3 	4.96 	1 	d 	- 	7 	M05 	4.95 .. 4.97
4 	7.43 	1 	m 	- 	4 2 6 	M04 	7.41 .. 7.45
5 	7.49 	1 	m 	- 	5 3 	M03 	7.46 .. 7.51

Table of Assignments
No. 	Atom 	Exp. Shift (ppm) 	Multiplet
1 	11 	1.20 	M01
2 	9 	3.69 	M02
3 	7 	4.96 	M05
4 	4 	7.43 	M04
5 	2 	7.43 	M04
6 	6 	7.43 	M04
7 	5 	7.49 	M03
8 	3 	7.49 	M03
