Table of Peaks
No.	(ppm)	(Hz)	Height
1	3.494	2097.67	0.3943
2	3.507	2105.60	0.4146
3	3.511	2107.58	0.4948
4	3.524	2115.50	0.4684
5	3.692	2216.18	0.4567
6	3.697	2219.71	0.4684
7	3.708	2226.09	0.3709
8	3.714	2229.61	0.3921
9	3.813	2288.87	0.2183
10	3.819	2292.72	0.2213
11	3.830	2299.15	0.3067
12	3.836	2303.06	0.3212
13	3.902	2342.67	0.2944
14	3.908	2346.09	0.3047
15	3.919	2352.96	0.1917
16	3.925	2356.37	0.2079
17	4.067	2441.77	0.9433
18	4.069	2443.03	0.9535
19	4.206	2524.84	0.4589
20	4.208	2526.00	0.4617
21	4.212	2528.37	0.4881
22	4.214	2529.52	0.4539
23	4.273	2565.12	0.2496
24	4.275	2566.49	0.2696
25	4.279	2568.53	0.2707
26	4.281	2569.85	0.2640
27	4.409	2646.88	0.5021
28	4.411	2648.20	0.5026
29	4.578	2748.28	0.9125
30	4.591	2756.20	0.8842
31	5.307	3186.13	0.4318
32	5.314	3189.98	0.4349

Table of Multiplets
No.	Shift1 (ppm)	Hs	Type	J (Hz)		Atom1	Multiplet1	 (ppm)
1	3.51		12	dd	-		5	M10		3.47 .. 3.54
2	3.70		11	dd	9.90 3.52	4	M09		3.67 .. 3.73
3	3.82		7	dd	10.32 3.88	18	M08		3.80 .. 3.86
4	3.91		7	dd	10.29 3.41	17	M07		3.89 .. 3.94
5	4.07		10	d	1.27		2	M06		4.06 .. 4.08
6	4.21		11	dd	3.52 1.16	3	M05		4.19 .. 4.23
7	4.28		7	dd	3.38 1.35	16	M04		4.26 .. 4.30
8	4.41		6	d	1.32		15	M03		4.39 .. 4.44
9	4.58		11	d	7.92		6	M02		4.56 .. 4.61
10	5.31		7	d	3.85		19	M01		5.29 .. 5.33

Table of Assignments
No.	Atom	Exp. Shift (ppm)	Multiplet
1	5	3.51		M10
2	4	3.70		M09
3	18	3.82		M08
4	17	3.91		M07
5	2	4.07		M06
6	3	4.21		M05
7	16	4.28		M04
8	15	4.41		M03
9	6	4.58		M02
10	19	5.31		M01