Table of Peaks
No. 	(ppm) 	(Hz) 	Height
1 	0.92 	549.4 	0.9395 	
2 	0.92 	552.0 	0.9790 	
3 	0.93 	556.1 	1.0000 	
4 	0.93 	558.6 	0.9640 	
5 	1.50 	900.3 	0.1395 	
6 	1.51 	904.6 	0.2203 	
7 	1.52 	909.5 	0.2279 	
8 	1.52 	913.3 	0.2303 	
9 	1.53 	918.3 	0.1448 	
10 	1.70 	1021.3 	0.0178 	
11 	1.71 	1027.9 	0.0493 	
12 	1.73 	1034.6 	0.0820 	
13 	1.74 	1041.5 	0.0893 	
14 	1.75 	1048.8 	0.0714 	
15 	1.76 	1055.5 	0.0389 	
16 	1.77 	1062.1 	0.0127 	
17 	4.04 	2419.2 	0.1211 	
18 	4.04 	2424.0 	0.1277 	
19 	4.05 	2427.6 	0.1288 	
20 	4.06 	2432.4 	0.1182 	

Table of Multiplets
No. 	Shift1 (ppm) 	Hs 	Type 	J (Hz) 	Atom1 	Multiplet1 	 (ppm)
1 	4.05 	8 	dd 	8.38 4.75 	 	M01 	4.02 .. 4.07
2 	1.74 	8 	m 	- 	4 	M02 	1.69 .. 1.78
3 	1.52 	15 	m 	- 	6 	M03 	1.50 .. 1.54
4 	0.92 	22 	d 	2.53 	9 	M05 	0.91 .. 0.92
5 	0.93 	23 	d 	2.47 	8 	M04 	0.93 .. 0.94

Table of Assignments
No. 	Atom 	Exp. Shift (ppm) 	Multiplet
1 	9 	0.92 	M05
2 	8 	0.93 	M04
3 	6 	1.52 	M03
4 	4 	1.74 	M02
